  1.000E+02  8.000E+01  6.519E+01  5.424E+01  4.615E+01  4.017E+01  3.575E+01  3.245E+01  2.996E+01  2.807E+01
  2.659E+01  2.542E+01  2.445E+01  2.363E+01  2.292E+01  2.227E+01  2.168E+01  2.111E+01  2.057E+01  2.004E+01
  1.953E+01  1.902E+01  1.851E+01  1.801E+01  1.750E+01  1.700E+01  1.650E+01  1.600E+01  1.550E+01  1.500E+01
  1.450E+01  1.400E+01  1.350E+01  1.300E+01  1.250E+01  1.200E+01  1.150E+01  1.100E+01  1.050E+01  1.000E+01
  9.500E+00  9.000E+00  8.500E+00  8.000E+00  7.500E+00  7.000E+00  6.500E+00  6.000E+00  5.500E+00  5.000E+00
  4.500E+00  4.000E+00  3.500E+00  3.000E+00  2.500E+00  2.000E+00  1.500E+00  1.000E+00  5.000E-01  0.000E+00

  0.000E+00  0.000E+00  0.000E+00  0.000E+00  0.000E+00  0.000E+00  0.000E+00  0.000E+00  0.000E+00  0.000E+00
  0.000E+00  0.000E+00  0.000E+00  0.000E+00  0.000E+00  0.000E+00  0.000E+00  0.000E+00  0.000E+00  0.000E+00
  0.000E+00  0.000E+00  0.000E+00  0.000E+00  0.000E+00  0.000E+00  0.000E+00  0.000E+00  0.000E+00  0.000E+00
  0.000E+00  0.000E+00  0.000E+00  0.000E+00  0.000E+00  0.000E+00  0.000E+00  0.000E+00  0.000E+00  0.000E+00
  0.000E+00  0.000E+00  0.000E+00  0.000E+00  0.000E+00  0.000E+00  0.000E+00  0.000E+00  0.000E+00  0.000E+00
  0.000E+00  0.000E+00  0.000E+00  0.000E+00  0.000E+00  0.000E+00  0.000E+00  0.000E+00  0.000E+00  0.000E+00

  9.107E-13  3.039E-11  3.359E-10  2.819E-09  1.750E-08  1.030E-07  4.300E-07  1.148E-06  2.266E-06  3.657E-06
  5.208E-06  6.828E-06  8.459E-06  1.006E-05  1.161E-05  1.309E-05  1.453E-05  1.593E-05  1.728E-05  1.858E-05
  1.982E-05  2.097E-05  2.202E-05  2.296E-05  2.378E-05  2.449E-05  2.509E-05  2.561E-05  2.605E-05  2.644E-05
  2.681E-05  2.717E-05  2.754E-05  2.792E-05  2.832E-05  2.875E-05  2.921E-05  2.970E-05  3.027E-05  3.097E-05
  3.185E-05  3.298E-05  3.448E-05  3.659E-05  3.957E-05  4.373E-05  4.972E-05  5.866E-05  7.218E-05  9.278E-05
  1.251E-04  1.769E-04  2.576E-04  3.817E-04  5.717E-04  8.601E-04  1.275E-03  1.841E-03  2.592E-03  3.562E-03

  9.107E-13  3.039E-11  3.359E-10  2.819E-09  1.750E-08  1.030E-07  4.300E-07  1.148E-06  2.266E-06  3.657E-06
  5.208E-06  6.828E-06  8.459E-06  1.006E-05  1.161E-05  1.309E-05  1.453E-05  1.593E-05  1.728E-05  1.858E-05
  1.982E-05  2.097E-05  2.202E-05  2.296E-05  2.378E-05  2.449E-05  2.509E-05  2.561E-05  2.605E-05  2.644E-05
  2.681E-05  2.717E-05  2.754E-05  2.792E-05  2.832E-05  2.875E-05  2.921E-05  2.970E-05  3.027E-05  3.097E-05
  3.185E-05  3.298E-05  3.448E-05  3.659E-05  3.957E-05  4.373E-05  4.972E-05  5.866E-05  7.218E-05  9.278E-05
  1.251E-04  1.769E-04  2.576E-04  3.817E-04  5.717E-04  8.601E-04  1.275E-03  1.841E-03  2.592E-03  3.562E-03

  2.435E-02  2.435E-02  2.435E-02  2.435E-02  2.435E-02  2.435E-02  2.435E-02  2.436E-02  2.436E-02  2.436E-02
  2.437E-02  2.437E-02  2.437E-02  2.438E-02  2.438E-02  2.439E-02  2.439E-02  2.440E-02  2.440E-02  2.441E-02
  2.441E-02  2.441E-02  2.442E-02  2.442E-02  2.442E-02  2.443E-02  2.443E-02  2.443E-02  2.443E-02  2.443E-02
  2.443E-02  2.443E-02  2.444E-02  2.444E-02  2.444E-02  2.444E-02  2.444E-02  2.444E-02  2.444E-02  2.445E-02
  2.445E-02  2.445E-02  2.445E-02  2.446E-02  2.446E-02  2.447E-02  2.448E-02  2.448E-02  2.450E-02  2.451E-02
  2.453E-02  2.456E-02  2.460E-02  2.465E-02  2.472E-02  2.480E-02  2.488E-02  2.497E-02  2.503E-02  2.506E-02
