  1.000E+02  8.000E+01  6.519E+01  5.424E+01  4.615E+01  4.017E+01  3.575E+01  3.245E+01  2.996E+01  2.807E+01
  2.659E+01  2.542E+01  2.445E+01  2.363E+01  2.292E+01  2.227E+01  2.168E+01  2.111E+01  2.057E+01  2.004E+01
  1.953E+01  1.902E+01  1.851E+01  1.801E+01  1.750E+01  1.700E+01  1.650E+01  1.600E+01  1.550E+01  1.500E+01
  1.450E+01  1.400E+01  1.350E+01  1.300E+01  1.250E+01  1.200E+01  1.150E+01  1.100E+01  1.050E+01  1.000E+01
  9.500E+00  9.000E+00  8.500E+00  8.000E+00  7.500E+00  7.000E+00  6.500E+00  6.000E+00  5.500E+00  5.000E+00
  4.500E+00  4.000E+00  3.500E+00  3.000E+00  2.500E+00  2.000E+00  1.500E+00  1.000E+00  5.000E-01  0.000E+00

  0.000E+00  0.000E+00  0.000E+00  0.000E+00  0.000E+00  0.000E+00  0.000E+00  0.000E+00  0.000E+00  0.000E+00
  0.000E+00  0.000E+00  0.000E+00  0.000E+00  0.000E+00  0.000E+00  0.000E+00  0.000E+00  0.000E+00  0.000E+00
  0.000E+00  0.000E+00  0.000E+00  0.000E+00  0.000E+00  0.000E+00  0.000E+00  0.000E+00  0.000E+00  0.000E+00
  0.000E+00  0.000E+00  0.000E+00  0.000E+00  0.000E+00  0.000E+00  0.000E+00  0.000E+00  0.000E+00  0.000E+00
  0.000E+00  0.000E+00  0.000E+00  0.000E+00  0.000E+00  0.000E+00  0.000E+00  0.000E+00  0.000E+00  0.000E+00
  0.000E+00  0.000E+00  0.000E+00  0.000E+00  0.000E+00  0.000E+00  0.000E+00  0.000E+00  0.000E+00  0.000E+00

  1.883E-11  1.798E-11  2.414E-11  1.047E-10  5.963E-10  1.847E-09  3.371E-09  4.791E-09  6.244E-09  7.755E-09
  9.351E-09  1.098E-08  1.261E-08  1.428E-08  1.598E-08  1.774E-08  1.959E-08  2.157E-08  2.373E-08  2.609E-08
  2.875E-08  3.181E-08  3.532E-08  3.937E-08  4.403E-08  4.939E-08  5.556E-08  6.265E-08  7.078E-08  8.011E-08
  9.081E-08  1.031E-07  1.171E-07  1.332E-07  1.517E-07  1.729E-07  1.972E-07  2.254E-07  2.621E-07  3.150E-07
  3.909E-07  4.989E-07  6.516E-07  8.661E-07  1.165E-06  1.578E-06  2.145E-06  2.920E-06  3.976E-06  5.405E-06
  7.335E-06  9.936E-06  1.343E-05  1.811E-05  2.437E-05  3.270E-05  4.375E-05  5.829E-05  7.731E-05  1.021E-04

  1.883E-11  1.798E-11  2.414E-11  1.047E-10  5.963E-10  1.847E-09  3.371E-09  4.791E-09  6.244E-09  7.755E-09
  9.351E-09  1.098E-08  1.261E-08  1.428E-08  1.598E-08  1.774E-08  1.959E-08  2.157E-08  2.373E-08  2.609E-08
  2.875E-08  3.181E-08  3.532E-08  3.937E-08  4.403E-08  4.939E-08  5.556E-08  6.265E-08  7.078E-08  8.011E-08
  9.081E-08  1.031E-07  1.171E-07  1.332E-07  1.517E-07  1.729E-07  1.972E-07  2.254E-07  2.621E-07  3.150E-07
  3.909E-07  4.989E-07  6.516E-07  8.661E-07  1.165E-06  1.578E-06  2.145E-06  2.920E-06  3.976E-06  5.405E-06
  7.335E-06  9.936E-06  1.343E-05  1.811E-05  2.437E-05  3.270E-05  4.375E-05  5.829E-05  7.731E-05  1.021E-04

  1.018E-03  1.018E-03  1.018E-03  1.018E-03  1.018E-03  1.018E-03  1.018E-03  1.018E-03  1.018E-03  1.018E-03
  1.018E-03  1.018E-03  1.019E-03  1.019E-03  1.019E-03  1.019E-03  1.019E-03  1.019E-03  1.019E-03  1.019E-03
  1.019E-03  1.019E-03  1.020E-03  1.020E-03  1.020E-03  1.020E-03  1.021E-03  1.021E-03  1.021E-03  1.022E-03
  1.022E-03  1.023E-03  1.024E-03  1.025E-03  1.026E-03  1.027E-03  1.028E-03  1.030E-03  1.031E-03  1.033E-03
  1.036E-03  1.038E-03  1.041E-03  1.044E-03  1.048E-03  1.052E-03  1.056E-03  1.061E-03  1.066E-03  1.072E-03
  1.079E-03  1.085E-03  1.093E-03  1.101E-03  1.109E-03  1.117E-03  1.125E-03  1.132E-03  1.137E-03  1.139E-03
