  1.000E+02  8.000E+01  6.519E+01  5.424E+01  4.615E+01  4.017E+01  3.575E+01  3.245E+01  2.996E+01  2.807E+01
  2.659E+01  2.542E+01  2.445E+01  2.363E+01  2.292E+01  2.227E+01  2.168E+01  2.111E+01  2.057E+01  2.004E+01
  1.953E+01  1.902E+01  1.851E+01  1.801E+01  1.750E+01  1.700E+01  1.650E+01  1.600E+01  1.550E+01  1.500E+01
  1.450E+01  1.400E+01  1.350E+01  1.300E+01  1.250E+01  1.200E+01  1.150E+01  1.100E+01  1.050E+01  1.000E+01
  9.500E+00  9.000E+00  8.500E+00  8.000E+00  7.500E+00  7.000E+00  6.500E+00  6.000E+00  5.500E+00  5.000E+00
  4.500E+00  4.000E+00  3.500E+00  3.000E+00  2.500E+00  2.000E+00  1.500E+00  1.000E+00  5.000E-01  0.000E+00

  0.000E+00  0.000E+00  0.000E+00  0.000E+00  0.000E+00  0.000E+00  0.000E+00  0.000E+00  0.000E+00  0.000E+00
  0.000E+00  0.000E+00  0.000E+00  0.000E+00  0.000E+00  0.000E+00  0.000E+00  0.000E+00  0.000E+00  0.000E+00
  0.000E+00  0.000E+00  0.000E+00  0.000E+00  0.000E+00  0.000E+00  0.000E+00  0.000E+00  0.000E+00  0.000E+00
  0.000E+00  0.000E+00  0.000E+00  0.000E+00  0.000E+00  0.000E+00  0.000E+00  0.000E+00  0.000E+00  0.000E+00
  0.000E+00  0.000E+00  0.000E+00  0.000E+00  0.000E+00  0.000E+00  0.000E+00  0.000E+00  0.000E+00  0.000E+00
  0.000E+00  0.000E+00  0.000E+00  0.000E+00  0.000E+00  0.000E+00  0.000E+00  0.000E+00  0.000E+00  0.000E+00

  2.480E-12  2.976E-11  1.804E-09  2.285E-08  1.220E-07  3.585E-07  8.446E-07  1.713E-06  2.976E-06  4.510E-06
  6.199E-06  7.951E-06  9.707E-06  1.143E-05  1.309E-05  1.469E-05  1.624E-05  1.775E-05  1.921E-05  2.064E-05
  2.201E-05  2.330E-05  2.451E-05  2.560E-05  2.660E-05  2.751E-05  2.832E-05  2.906E-05  2.975E-05  3.042E-05
  3.108E-05  3.176E-05  3.247E-05  3.323E-05  3.404E-05  3.491E-05  3.584E-05  3.685E-05  3.802E-05  3.945E-05
  4.120E-05  4.336E-05  4.600E-05  4.922E-05  5.313E-05  5.786E-05  6.356E-05  7.039E-05  7.856E-05  8.830E-05
  9.988E-05  1.136E-04  1.299E-04  1.491E-04  1.715E-04  1.977E-04  2.280E-04  2.631E-04  3.035E-04  3.499E-04

  2.480E-12  2.976E-11  1.804E-09  2.285E-08  1.220E-07  3.585E-07  8.446E-07  1.713E-06  2.976E-06  4.510E-06
  6.199E-06  7.951E-06  9.707E-06  1.143E-05  1.309E-05  1.469E-05  1.624E-05  1.775E-05  1.921E-05  2.064E-05
  2.201E-05  2.330E-05  2.451E-05  2.560E-05  2.660E-05  2.751E-05  2.832E-05  2.906E-05  2.975E-05  3.042E-05
  3.108E-05  3.176E-05  3.247E-05  3.323E-05  3.404E-05  3.491E-05  3.584E-05  3.685E-05  3.802E-05  3.945E-05
  4.120E-05  4.336E-05  4.600E-05  4.922E-05  5.313E-05  5.786E-05  6.356E-05  7.039E-05  7.856E-05  8.830E-05
  9.988E-05  1.136E-04  1.299E-04  1.491E-04  1.715E-04  1.977E-04  2.280E-04  2.631E-04  3.035E-04  3.499E-04

  2.481E-02  2.481E-02  2.481E-02  2.481E-02  2.481E-02  2.481E-02  2.481E-02  2.481E-02  2.482E-02  2.482E-02
  2.482E-02  2.483E-02  2.483E-02  2.484E-02  2.484E-02  2.485E-02  2.486E-02  2.486E-02  2.486E-02  2.487E-02
  2.487E-02  2.488E-02  2.488E-02  2.489E-02  2.489E-02  2.489E-02  2.490E-02  2.490E-02  2.490E-02  2.490E-02
  2.491E-02  2.491E-02  2.491E-02  2.491E-02  2.492E-02  2.492E-02  2.492E-02  2.493E-02  2.493E-02  2.493E-02
  2.494E-02  2.494E-02  2.495E-02  2.496E-02  2.496E-02  2.497E-02  2.498E-02  2.498E-02  2.499E-02  2.500E-02
  2.501E-02  2.502E-02  2.503E-02  2.503E-02  2.504E-02  2.505E-02  2.506E-02  2.506E-02  2.506E-02  2.506E-02
