

  1.000E+02  8.000E+01  6.443E+01  5.235E+01  4.300E+01  3.579E+01  3.023E+01  2.595E+01  2.265E+01  2.012E+01
  1.816E+01  1.664E+01  1.545E+01  1.451E+01  1.376E+01  1.314E+01  1.263E+01  1.219E+01  1.180E+01  1.146E+01
  1.114E+01  1.085E+01  1.056E+01  1.029E+01  1.003E+01  9.768E+00  9.512E+00  9.257E+00  9.005E+00  8.753E+00
  8.502E+00  8.251E+00  8.001E+00  7.750E+00  7.500E+00  7.250E+00  7.000E+00  6.750E+00  6.500E+00  6.250E+00
  6.000E+00  5.750E+00  5.500E+00  5.250E+00  5.000E+00  4.750E+00  4.500E+00  4.250E+00  4.000E+00  3.750E+00
  3.500E+00  3.250E+00  3.000E+00  2.750E+00  2.500E+00  2.250E+00  2.000E+00  1.750E+00  1.500E+00  1.250E+00
  1.000E+00  7.500E-01  5.000E-01  2.500E-01  0.000E+00

  0.000E+00  0.000E+00  0.000E+00  0.000E+00  0.000E+00  0.000E+00  0.000E+00  0.000E+00  0.000E+00  0.000E+00
  0.000E+00  0.000E+00  0.000E+00  0.000E+00  0.000E+00  0.000E+00  0.000E+00  0.000E+00  0.000E+00  0.000E+00
  0.000E+00  0.000E+00  0.000E+00  0.000E+00  0.000E+00  0.000E+00  0.000E+00  0.000E+00  0.000E+00  0.000E+00
  0.000E+00  0.000E+00  0.000E+00  0.000E+00  0.000E+00  0.000E+00  0.000E+00  0.000E+00  0.000E+00  0.000E+00
  0.000E+00  0.000E+00  0.000E+00  0.000E+00  0.000E+00  0.000E+00  0.000E+00  0.000E+00  0.000E+00  0.000E+00
  0.000E+00  0.000E+00  0.000E+00  0.000E+00  0.000E+00  0.000E+00  0.000E+00  0.000E+00  0.000E+00  0.000E+00
  0.000E+00  0.000E+00  0.000E+00  0.000E+00  0.000E+00

  4.226E-12  4.500E-12  1.756E-11  1.389E-10  9.803E-10  3.237E-09  6.109E-09  1.024E-08  1.671E-08  2.581E-08
  3.799E-08  5.348E-08  7.115E-08  8.987E-08  1.088E-07  1.274E-07  1.455E-07  1.632E-07  1.805E-07  1.977E-07
  2.150E-07  2.334E-07  2.544E-07  2.792E-07  3.086E-07  3.434E-07  3.846E-07  4.335E-07  4.914E-07  5.599E-07
  6.409E-07  7.363E-07  8.489E-07  9.812E-07  1.136E-06  1.318E-06  1.531E-06  1.780E-06  2.069E-06  2.406E-06
  2.797E-06  3.250E-06  3.775E-06  4.382E-06  5.082E-06  5.888E-06  6.815E-06  7.879E-06  9.100E-06  1.050E-05
  1.209E-05  1.391E-05  1.599E-05  1.835E-05  2.103E-05  2.406E-05  2.749E-05  3.137E-05  3.576E-05  4.070E-05
  4.627E-05  5.254E-05  5.957E-05  6.747E-05  7.631E-05

  4.226E-12  4.500E-12  1.756E-11  1.389E-10  9.803E-10  3.237E-09  6.109E-09  1.024E-08  1.671E-08  2.581E-08
  3.799E-08  5.348E-08  7.115E-08  8.987E-08  1.088E-07  1.274E-07  1.455E-07  1.632E-07  1.805E-07  1.977E-07
  2.150E-07  2.334E-07  2.544E-07  2.792E-07  3.086E-07  3.434E-07  3.846E-07  4.335E-07  4.914E-07  5.599E-07
  6.409E-07  7.363E-07  8.489E-07  9.812E-07  1.136E-06  1.318E-06  1.531E-06  1.780E-06  2.069E-06  2.406E-06
  2.797E-06  3.250E-06  3.775E-06  4.382E-06  5.082E-06  5.888E-06  6.815E-06  7.879E-06  9.100E-06  1.050E-05
  1.209E-05  1.391E-05  1.599E-05  1.835E-05  2.103E-05  2.406E-05  2.749E-05  3.137E-05  3.576E-05  4.070E-05
  4.627E-05  5.254E-05  5.957E-05  6.747E-05  7.631E-05

  1.032E-03  1.032E-03  1.032E-03  1.032E-03  1.032E-03  1.032E-03  1.032E-03  1.032E-03  1.033E-03  1.033E-03
  1.034E-03  1.034E-03  1.035E-03  1.036E-03  1.037E-03  1.038E-03  1.039E-03  1.040E-03  1.041E-03  1.042E-03
  1.043E-03  1.044E-03  1.045E-03  1.046E-03  1.047E-03  1.048E-03  1.050E-03  1.051E-03  1.052E-03  1.054E-03
  1.055E-03  1.057E-03  1.058E-03  1.060E-03  1.062E-03  1.064E-03  1.066E-03  1.068E-03  1.070E-03  1.072E-03
  1.074E-03  1.077E-03  1.080E-03  1.082E-03  1.085E-03  1.088E-03  1.091E-03  1.094E-03  1.097E-03  1.100E-03
  1.103E-03  1.107E-03  1.110E-03  1.113E-03  1.117E-03  1.120E-03  1.123E-03  1.126E-03  1.129E-03  1.132E-03
  1.134E-03  1.136E-03  1.138E-03  1.139E-03  1.139E-03
