  1.000E+02  8.000E+01  6.519E+01  5.424E+01  4.615E+01  4.017E+01  3.575E+01  3.245E+01  2.996E+01  2.807E+01
  2.659E+01  2.542E+01  2.445E+01  2.363E+01  2.292E+01  2.227E+01  2.168E+01  2.111E+01  2.057E+01  2.004E+01
  1.953E+01  1.902E+01  1.851E+01  1.801E+01  1.750E+01  1.700E+01  1.650E+01  1.600E+01  1.550E+01  1.500E+01
  1.450E+01  1.400E+01  1.350E+01  1.300E+01  1.250E+01  1.200E+01  1.150E+01  1.100E+01  1.050E+01  1.000E+01
  9.500E+00  9.000E+00  8.500E+00  8.000E+00  7.500E+00  7.000E+00  6.500E+00  6.000E+00  5.500E+00  5.000E+00
  4.500E+00  4.000E+00  3.500E+00  3.000E+00  2.500E+00  2.000E+00  1.500E+00  1.000E+00  5.000E-01  0.000E+00

  0.000E+00  0.000E+00  0.000E+00  0.000E+00  0.000E+00  0.000E+00  0.000E+00  0.000E+00  0.000E+00  0.000E+00
  0.000E+00  0.000E+00  0.000E+00  0.000E+00  0.000E+00  0.000E+00  0.000E+00  0.000E+00  0.000E+00  0.000E+00
  0.000E+00  0.000E+00  0.000E+00  0.000E+00  0.000E+00  0.000E+00  0.000E+00  0.000E+00  0.000E+00  0.000E+00
  0.000E+00  0.000E+00  0.000E+00  0.000E+00  0.000E+00  0.000E+00  0.000E+00  0.000E+00  0.000E+00  0.000E+00
  0.000E+00  0.000E+00  0.000E+00  0.000E+00  0.000E+00  0.000E+00  0.000E+00  0.000E+00  0.000E+00  0.000E+00
  0.000E+00  0.000E+00  0.000E+00  0.000E+00  0.000E+00  0.000E+00  0.000E+00  0.000E+00  0.000E+00  0.000E+00

 -2.826E-12  6.143E-12  1.747E-11  9.021E-11  5.273E-10  1.665E-09  3.089E-09  4.438E-09  5.833E-09  7.293E-09
  8.841E-09  1.042E-08  1.202E-08  1.365E-08  1.532E-08  1.704E-08  1.886E-08  2.081E-08  2.294E-08  2.527E-08
  2.790E-08  3.091E-08  3.438E-08  3.838E-08  4.299E-08  4.829E-08  5.439E-08  6.140E-08  6.945E-08  7.869E-08
  8.928E-08  1.014E-07  1.154E-07  1.313E-07  1.496E-07  1.706E-07  1.947E-07  2.226E-07  2.588E-07  3.111E-07
  3.858E-07  4.918E-07  6.409E-07  8.488E-07  1.136E-06  1.531E-06  2.070E-06  2.798E-06  3.777E-06  5.085E-06
  6.819E-06  9.105E-06  1.210E-05  1.600E-05  2.104E-05  2.751E-05  3.577E-05  4.629E-05  5.960E-05  7.634E-05

 -2.826E-12  6.143E-12  1.747E-11  9.021E-11  5.273E-10  1.665E-09  3.089E-09  4.438E-09  5.833E-09  7.293E-09
  8.841E-09  1.042E-08  1.202E-08  1.365E-08  1.532E-08  1.704E-08  1.886E-08  2.081E-08  2.294E-08  2.527E-08
  2.790E-08  3.091E-08  3.438E-08  3.838E-08  4.299E-08  4.829E-08  5.439E-08  6.140E-08  6.945E-08  7.869E-08
  8.928E-08  1.014E-07  1.154E-07  1.313E-07  1.496E-07  1.706E-07  1.947E-07  2.226E-07  2.588E-07  3.111E-07
  3.858E-07  4.918E-07  6.409E-07  8.488E-07  1.136E-06  1.531E-06  2.070E-06  2.798E-06  3.777E-06  5.085E-06
  6.819E-06  9.105E-06  1.210E-05  1.600E-05  2.104E-05  2.751E-05  3.577E-05  4.629E-05  5.960E-05  7.634E-05

  1.032E-03  1.032E-03  1.032E-03  1.032E-03  1.032E-03  1.032E-03  1.032E-03  1.032E-03  1.032E-03  1.032E-03
  1.032E-03  1.032E-03  1.032E-03  1.032E-03  1.033E-03  1.033E-03  1.033E-03  1.033E-03  1.033E-03  1.033E-03
  1.033E-03  1.033E-03  1.033E-03  1.034E-03  1.034E-03  1.034E-03  1.035E-03  1.035E-03  1.035E-03  1.036E-03
  1.036E-03  1.037E-03  1.038E-03  1.039E-03  1.040E-03  1.041E-03  1.042E-03  1.044E-03  1.045E-03  1.047E-03
  1.050E-03  1.052E-03  1.055E-03  1.058E-03  1.062E-03  1.066E-03  1.070E-03  1.075E-03  1.080E-03  1.085E-03
  1.091E-03  1.097E-03  1.103E-03  1.110E-03  1.117E-03  1.123E-03  1.129E-03  1.134E-03  1.138E-03  1.139E-03
