  1.000E+02  8.000E+01  6.443E+01  5.235E+01  4.300E+01  3.579E+01  3.023E+01  2.595E+01  2.265E+01  2.012E+01
  1.816E+01  1.664E+01  1.545E+01  1.451E+01  1.376E+01  1.314E+01  1.263E+01  1.219E+01  1.180E+01  1.146E+01
  1.114E+01  1.085E+01  1.056E+01  1.029E+01  1.003E+01  9.768E+00  9.512E+00  9.257E+00  9.005E+00  8.753E+00
  8.502E+00  8.251E+00  8.001E+00  7.750E+00  7.500E+00  7.250E+00  7.000E+00  6.750E+00  6.500E+00  6.250E+00
  6.000E+00  5.750E+00  5.500E+00  5.250E+00  5.000E+00  4.750E+00  4.500E+00  4.250E+00  4.000E+00  3.750E+00
  3.500E+00  3.250E+00  3.000E+00  2.750E+00  2.500E+00  2.250E+00  2.000E+00  1.750E+00  1.500E+00  1.250E+00
  1.000E+00  7.500E-01  5.000E-01  2.500E-01  0.000E+00

  0.000E+00  0.000E+00  0.000E+00  0.000E+00  0.000E+00  0.000E+00  0.000E+00  0.000E+00  0.000E+00  0.000E+00
  0.000E+00  0.000E+00  0.000E+00  0.000E+00  0.000E+00  0.000E+00  0.000E+00  0.000E+00  0.000E+00  0.000E+00
  0.000E+00  0.000E+00  0.000E+00  0.000E+00  0.000E+00  0.000E+00  0.000E+00  0.000E+00  0.000E+00  0.000E+00
  0.000E+00  0.000E+00  0.000E+00  0.000E+00  0.000E+00  0.000E+00  0.000E+00  0.000E+00  0.000E+00  0.000E+00
  0.000E+00  0.000E+00  0.000E+00  0.000E+00  0.000E+00  0.000E+00  0.000E+00  0.000E+00  0.000E+00  0.000E+00
  0.000E+00  0.000E+00  0.000E+00  0.000E+00  0.000E+00  0.000E+00  0.000E+00  0.000E+00  0.000E+00  0.000E+00
  0.000E+00  0.000E+00  0.000E+00  0.000E+00  0.000E+00

  2.637E-11  9.437E-12  2.361E-11  1.605E-10  1.094E-09  3.523E-09  6.531E-09  1.080E-08  1.741E-08  2.666E-08
  3.899E-08  5.466E-08  7.252E-08  9.142E-08  1.105E-07  1.293E-07  1.476E-07  1.654E-07  1.829E-07  2.003E-07
  2.178E-07  2.364E-07  2.577E-07  2.828E-07  3.126E-07  3.479E-07  3.897E-07  4.395E-07  4.986E-07  5.686E-07
  6.516E-07  7.499E-07  8.662E-07  1.003E-06  1.165E-06  1.355E-06  1.577E-06  1.838E-06  2.144E-06  2.502E-06
  2.919E-06  3.407E-06  3.974E-06  4.635E-06  5.403E-06  6.296E-06  7.332E-06  8.535E-06  9.932E-06  1.155E-05
  1.343E-05  1.560E-05  1.811E-05  2.101E-05  2.436E-05  2.823E-05  3.270E-05  3.785E-05  4.375E-05  5.052E-05
  5.828E-05  6.717E-05  7.731E-05  8.888E-05  1.021E-04

  2.637E-11  9.437E-12  2.361E-11  1.605E-10  1.094E-09  3.523E-09  6.531E-09  1.080E-08  1.741E-08  2.666E-08
  3.899E-08  5.466E-08  7.252E-08  9.142E-08  1.105E-07  1.293E-07  1.476E-07  1.654E-07  1.829E-07  2.003E-07
  2.178E-07  2.364E-07  2.577E-07  2.828E-07  3.126E-07  3.479E-07  3.897E-07  4.395E-07  4.986E-07  5.686E-07
  6.516E-07  7.499E-07  8.662E-07  1.003E-06  1.165E-06  1.355E-06  1.577E-06  1.838E-06  2.144E-06  2.502E-06
  2.919E-06  3.407E-06  3.974E-06  4.635E-06  5.403E-06  6.296E-06  7.332E-06  8.535E-06  9.932E-06  1.155E-05
  1.343E-05  1.560E-05  1.811E-05  2.101E-05  2.436E-05  2.823E-05  3.270E-05  3.785E-05  4.375E-05  5.052E-05
  5.828E-05  6.717E-05  7.731E-05  8.888E-05  1.021E-04

  1.018E-03  1.018E-03  1.018E-03  1.018E-03  1.018E-03  1.018E-03  1.018E-03  1.018E-03  1.019E-03  1.019E-03
  1.020E-03  1.021E-03  1.021E-03  1.022E-03  1.023E-03  1.024E-03  1.025E-03  1.026E-03  1.027E-03  1.028E-03
  1.029E-03  1.030E-03  1.031E-03  1.032E-03  1.033E-03  1.034E-03  1.036E-03  1.037E-03  1.038E-03  1.040E-03
  1.041E-03  1.043E-03  1.044E-03  1.046E-03  1.048E-03  1.050E-03  1.052E-03  1.054E-03  1.056E-03  1.058E-03
  1.061E-03  1.064E-03  1.066E-03  1.069E-03  1.072E-03  1.075E-03  1.079E-03  1.082E-03  1.085E-03  1.089E-03
  1.093E-03  1.097E-03  1.101E-03  1.105E-03  1.109E-03  1.113E-03  1.117E-03  1.121E-03  1.125E-03  1.128E-03
  1.132E-03  1.135E-03  1.137E-03  1.138E-03  1.139E-03
