
  1.000E+02  8.000E+01  6.443E+01  5.235E+01  4.300E+01  3.579E+01  3.023E+01  2.595E+01  2.265E+01  2.012E+01
  1.816E+01  1.664E+01  1.545E+01  1.451E+01  1.376E+01  1.314E+01  1.263E+01  1.219E+01  1.180E+01  1.146E+01
  1.114E+01  1.085E+01  1.056E+01  1.029E+01  1.003E+01  9.768E+00  9.512E+00  9.257E+00  9.005E+00  8.753E+00
  8.502E+00  8.251E+00  8.001E+00  7.750E+00  7.500E+00  7.250E+00  7.000E+00  6.750E+00  6.500E+00  6.250E+00
  6.000E+00  5.750E+00  5.500E+00  5.250E+00  5.000E+00  4.750E+00  4.500E+00  4.250E+00  4.000E+00  3.750E+00
  3.500E+00  3.250E+00  3.000E+00  2.750E+00  2.500E+00  2.250E+00  2.000E+00  1.750E+00  1.500E+00  1.250E+00
  1.000E+00  7.500E-01  5.000E-01  2.500E-01  0.000E+00

  0.000E+00  0.000E+00  0.000E+00  0.000E+00  0.000E+00  0.000E+00  0.000E+00  0.000E+00  0.000E+00  0.000E+00
  0.000E+00  0.000E+00  0.000E+00  0.000E+00  0.000E+00  0.000E+00  0.000E+00  0.000E+00  0.000E+00  0.000E+00
  0.000E+00  0.000E+00  0.000E+00  0.000E+00  0.000E+00  0.000E+00  0.000E+00  0.000E+00  0.000E+00  0.000E+00
  0.000E+00  0.000E+00  0.000E+00  0.000E+00  0.000E+00  0.000E+00  0.000E+00  0.000E+00  0.000E+00  0.000E+00
  0.000E+00  0.000E+00  0.000E+00  0.000E+00  0.000E+00  0.000E+00  0.000E+00  0.000E+00  0.000E+00  0.000E+00
  0.000E+00  0.000E+00  0.000E+00  0.000E+00  0.000E+00  0.000E+00  0.000E+00  0.000E+00  0.000E+00  0.000E+00
  0.000E+00  0.000E+00  0.000E+00  0.000E+00  0.000E+00

  1.405E-12  1.371E-11  4.515E-10  5.626E-09  6.948E-08  6.719E-07  3.208E-06  9.109E-06  1.806E-05  2.708E-05
  3.321E-05  3.642E-05  3.803E-05  3.895E-05  3.960E-05  4.012E-05  4.056E-05  4.094E-05  4.129E-05  4.161E-05
  4.191E-05  4.220E-05  4.250E-05  4.282E-05  4.315E-05  4.352E-05  4.391E-05  4.436E-05  4.486E-05  4.543E-05
  4.610E-05  4.691E-05  4.790E-05  4.910E-05  5.052E-05  5.222E-05  5.427E-05  5.677E-05  5.986E-05  6.370E-05
  6.853E-05  7.457E-05  8.209E-05  9.150E-05  1.033E-04  1.183E-04  1.374E-04  1.619E-04  1.930E-04  2.321E-04
  2.807E-04  3.413E-04  4.168E-04  5.104E-04  6.259E-04  7.684E-04  9.436E-04  1.154E-03  1.400E-03  1.687E-03
  2.021E-03  2.405E-03  2.842E-03  3.338E-03  3.897E-03

  1.405E-12  1.371E-11  4.515E-10  5.626E-09  6.948E-08  6.719E-07  3.208E-06  9.109E-06  1.806E-05  2.708E-05
  3.321E-05  3.642E-05  3.803E-05  3.895E-05  3.960E-05  4.012E-05  4.056E-05  4.094E-05  4.129E-05  4.161E-05
  4.191E-05  4.220E-05  4.250E-05  4.282E-05  4.315E-05  4.352E-05  4.391E-05  4.436E-05  4.486E-05  4.543E-05
  4.610E-05  4.691E-05  4.790E-05  4.910E-05  5.052E-05  5.222E-05  5.427E-05  5.677E-05  5.986E-05  6.370E-05
  6.853E-05  7.457E-05  8.209E-05  9.150E-05  1.033E-04  1.183E-04  1.374E-04  1.619E-04  1.930E-04  2.321E-04
  2.807E-04  3.413E-04  4.168E-04  5.104E-04  6.259E-04  7.684E-04  9.436E-04  1.154E-03  1.400E-03  1.687E-03
  2.021E-03  2.405E-03  2.842E-03  3.338E-03  3.897E-03

  2.409E-02  2.409E-02  2.409E-02  2.409E-02  2.409E-02  2.409E-02  2.410E-02  2.411E-02  2.413E-02  2.416E-02
  2.418E-02  2.419E-02  2.420E-02  2.420E-02  2.420E-02  2.420E-02  2.421E-02  2.421E-02  2.421E-02  2.421E-02
  2.421E-02  2.421E-02  2.421E-02  2.421E-02  2.421E-02  2.421E-02  2.422E-02  2.422E-02  2.422E-02  2.422E-02
  2.422E-02  2.422E-02  2.422E-02  2.422E-02  2.423E-02  2.423E-02  2.423E-02  2.423E-02  2.424E-02  2.424E-02
  2.425E-02  2.425E-02  2.426E-02  2.427E-02  2.427E-02  2.428E-02  2.430E-02  2.431E-02  2.433E-02  2.435E-02
  2.437E-02  2.439E-02  2.442E-02  2.445E-02  2.449E-02  2.453E-02  2.457E-02  2.462E-02  2.467E-02  2.471E-02
  2.476E-02  2.480E-02  2.483E-02  2.485E-02  2.486E-02
