

  1.000E+02  8.000E+01  6.443E+01  5.235E+01  4.300E+01  3.579E+01  3.023E+01  2.595E+01  2.265E+01  2.012E+01
  1.816E+01  1.664E+01  1.545E+01  1.451E+01  1.376E+01  1.314E+01  1.263E+01  1.219E+01  1.180E+01  1.146E+01
  1.114E+01  1.085E+01  1.056E+01  1.029E+01  1.003E+01  9.768E+00  9.512E+00  9.257E+00  9.005E+00  8.753E+00
  8.502E+00  8.251E+00  8.001E+00  7.750E+00  7.500E+00  7.250E+00  7.000E+00  6.750E+00  6.500E+00  6.250E+00
  6.000E+00  5.750E+00  5.500E+00  5.250E+00  5.000E+00  4.750E+00  4.500E+00  4.250E+00  4.000E+00  3.750E+00
  3.500E+00  3.250E+00  3.000E+00  2.750E+00  2.500E+00  2.250E+00  2.000E+00  1.750E+00  1.500E+00  1.250E+00
  1.000E+00  7.500E-01  5.000E-01  2.500E-01  0.000E+00

  0.000E+00  0.000E+00  0.000E+00  0.000E+00  0.000E+00  0.000E+00  0.000E+00  0.000E+00  0.000E+00  0.000E+00
  0.000E+00  0.000E+00  0.000E+00  0.000E+00  0.000E+00  0.000E+00  0.000E+00  0.000E+00  0.000E+00  0.000E+00
  0.000E+00  0.000E+00  0.000E+00  0.000E+00  0.000E+00  0.000E+00  0.000E+00  0.000E+00  0.000E+00  0.000E+00
  0.000E+00  0.000E+00  0.000E+00  0.000E+00  0.000E+00  0.000E+00  0.000E+00  0.000E+00  0.000E+00  0.000E+00
  0.000E+00  0.000E+00  0.000E+00  0.000E+00  0.000E+00  0.000E+00  0.000E+00  0.000E+00  0.000E+00  0.000E+00
  0.000E+00  0.000E+00  0.000E+00  0.000E+00  0.000E+00  0.000E+00  0.000E+00  0.000E+00  0.000E+00  0.000E+00
  0.000E+00  0.000E+00  0.000E+00  0.000E+00  0.000E+00

  2.236E-12  8.594E-11  1.431E-09  2.093E-08  1.564E-07  8.939E-07  3.600E-06  9.712E-06  1.892E-05  2.820E-05
  3.462E-05  3.812E-05  4.001E-05  4.119E-05  4.209E-05  4.283E-05  4.348E-05  4.406E-05  4.459E-05  4.508E-05
  4.555E-05  4.601E-05  4.649E-05  4.699E-05  4.753E-05  4.810E-05  4.873E-05  4.941E-05  5.015E-05  5.096E-05
  5.184E-05  5.281E-05  5.386E-05  5.502E-05  5.628E-05  5.766E-05  5.915E-05  6.079E-05  6.257E-05  6.451E-05
  6.662E-05  6.891E-05  7.140E-05  7.410E-05  7.703E-05  8.022E-05  8.368E-05  8.745E-05  9.154E-05  9.598E-05
  1.008E-04  1.060E-04  1.116E-04  1.177E-04  1.242E-04  1.312E-04  1.387E-04  1.468E-04  1.555E-04  1.647E-04
  1.746E-04  1.852E-04  1.964E-04  2.084E-04  2.212E-04

  2.236E-12  8.594E-11  1.431E-09  2.093E-08  1.564E-07  8.939E-07  3.600E-06  9.712E-06  1.892E-05  2.820E-05
  3.462E-05  3.812E-05  4.001E-05  4.119E-05  4.209E-05  4.283E-05  4.348E-05  4.406E-05  4.459E-05  4.508E-05
  4.555E-05  4.601E-05  4.649E-05  4.699E-05  4.753E-05  4.810E-05  4.873E-05  4.941E-05  5.015E-05  5.096E-05
  5.184E-05  5.281E-05  5.386E-05  5.502E-05  5.628E-05  5.766E-05  5.915E-05  6.079E-05  6.257E-05  6.451E-05
  6.662E-05  6.891E-05  7.140E-05  7.410E-05  7.703E-05  8.022E-05  8.368E-05  8.745E-05  9.154E-05  9.598E-05
  1.008E-04  1.060E-04  1.116E-04  1.177E-04  1.242E-04  1.312E-04  1.387E-04  1.468E-04  1.555E-04  1.647E-04
  1.746E-04  1.852E-04  1.964E-04  2.084E-04  2.212E-04

  2.465E-02  2.465E-02  2.465E-02  2.465E-02  2.465E-02  2.465E-02  2.465E-02  2.467E-02  2.469E-02  2.472E-02
  2.474E-02  2.476E-02  2.476E-02  2.477E-02  2.477E-02  2.477E-02  2.477E-02  2.478E-02  2.478E-02  2.478E-02
  2.478E-02  2.478E-02  2.478E-02  2.479E-02  2.479E-02  2.479E-02  2.479E-02  2.479E-02  2.479E-02  2.480E-02
  2.480E-02  2.480E-02  2.480E-02  2.480E-02  2.480E-02  2.481E-02  2.481E-02  2.481E-02  2.481E-02  2.482E-02
  2.482E-02  2.482E-02  2.482E-02  2.482E-02  2.483E-02  2.483E-02  2.483E-02  2.483E-02  2.484E-02  2.484E-02
  2.484E-02  2.484E-02  2.485E-02  2.485E-02  2.485E-02  2.485E-02  2.485E-02  2.486E-02  2.486E-02  2.486E-02
  2.486E-02  2.486E-02  2.486E-02  2.486E-02  2.486E-02
