
"tbf
              1
 11.00000000  1.00000  5.5267E-14  1.1230E+01  0.0000E+00  3.4943E-01  1.1150E+01  0.0000E+00

"tbf
              1
 11.00000000  1.00000 -1.0415E-12  1.1311E+01  0.0000E+00  4.0538E-01  1.1178E+01  0.0000E+00

"tbf
              1
 11.00000000  1.00000 -1.2427E-12  1.1699E+01  0.0000E+00  8.1818E-01  1.1384E+01  0.0000E+00

"tbf
              1
 11.00000000  1.00000 -2.0996E-12  1.2227E+01  0.0000E+00  1.3926E+00  1.1672E+01  0.0000E+00

"tbf
              1
 11.00000000  1.00000 -3.8797E-12  1.2865E+01  0.0000E+00  2.1097E+00  1.2030E+01  0.0000E+00

"tbf
              1
 11.00000000  1.00000  3.3654E-12  1.3576E+01  0.0000E+00  2.9472E+00  1.2449E+01  0.0000E+00

"tbf
              1
 11.00000000  1.00000 -1.1691E-12  1.4327E+01  0.0000E+00  3.8809E+00  1.2916E+01  0.0000E+00

"tbf
              1
 11.00000000  1.00000  3.5936E-12  1.5086E+01  0.0000E+00  4.8866E+00  1.3419E+01  0.0000E+00

"tbf
              1
 11.00000000  1.00000  6.1226E-13  1.5824E+01  0.0000E+00  5.9408E+00  1.3946E+01  0.0000E+00

"tbf
              1
 11.00000000  1.00000 -4.8752E-13  1.6521E+01  0.0000E+00  7.0223E+00  1.4486E+01  0.0000E+00

"tbf
              1
 11.00000000  1.00000  5.6929E-13  1.7162E+01  0.0000E+00  8.1124E+00  1.5032E+01  0.0000E+00

"tbf
              1
 11.00000000  1.00000  1.3759E-12  1.7735E+01  0.0000E+00  9.1956E+00  1.5573E+01  0.0000E+00

"tbf
              1
 11.00000000  1.00000 -7.6054E-13  1.8238E+01  0.0000E+00  1.0260E+01  1.6105E+01  0.0000E+00

"tbf
              1
 11.00000000  1.00000  1.1102E-12  1.8668E+01  0.0000E+00  1.1295E+01  1.6623E+01  0.0000E+00

"tbf
              1
 11.00000000  1.00000  7.7872E-13  1.9029E+01  0.0000E+00  1.2294E+01  1.7122E+01  0.0000E+00

"tbf
              1
 11.00000000  1.00000 -2.6657E-13  1.9323E+01  0.0000E+00  1.3253E+01  1.7602E+01  0.0000E+00

"tbf
              1
 11.00000000  1.00000 -5.0918E-13  1.9557E+01  0.0000E+00  1.4168E+01  1.8059E+01  0.0000E+00
