
"tbf
              1
 11.00000000  1.00000  2.8112E-14  1.3123E+01  0.0000E+00  3.4943E-01  1.3090E+01  0.0000E+00

"tbf
              1
 11.00000000  1.00000 -1.6182E-12  1.3205E+01  0.0000E+00  4.0538E-01  1.3118E+01  0.0000E+00

"tbf
              1
 11.00000000  1.00000 -2.7165E-12  1.3556E+01  0.0000E+00  8.1818E-01  1.3324E+01  0.0000E+00

"tbf
              1
 11.00000000  1.00000  1.0533E-12  1.4033E+01  0.0000E+00  1.3926E+00  1.3611E+01  0.0000E+00

"tbf
              1
 11.00000000  1.00000  9.0209E-13  1.4607E+01  0.0000E+00  2.1097E+00  1.3970E+01  0.0000E+00

"tbf
              1
 11.00000000  1.00000  4.8399E-12  1.5245E+01  0.0000E+00  2.9472E+00  1.4389E+01  0.0000E+00

"tbf
              1
 11.00000000  1.00000  8.6473E-13  1.5915E+01  0.0000E+00  3.8809E+00  1.4855E+01  0.0000E+00

"tbf
              1
 11.00000000  1.00000  6.8525E-13  1.6586E+01  0.0000E+00  4.8866E+00  1.5358E+01  0.0000E+00

"tbf
              1
 11.00000000  1.00000  3.7466E-13  1.7233E+01  0.0000E+00  5.9408E+00  1.5885E+01  0.0000E+00

"tbf
              1
 11.00000000  1.00000 -2.1836E-13  1.7838E+01  0.0000E+00  7.0223E+00  1.6426E+01  0.0000E+00

"tbf
              1
 11.00000000  1.00000 -1.6600E-12  1.8385E+01  0.0000E+00  8.1124E+00  1.6971E+01  0.0000E+00

"tbf
              1
 11.00000000  1.00000  2.7309E-13  1.8868E+01  0.0000E+00  9.1956E+00  1.7513E+01  0.0000E+00

"tbf
              1
 11.00000000  1.00000 -1.3377E-12  1.9281E+01  0.0000E+00  1.0260E+01  1.8045E+01  0.0000E+00

"tbf
              1
 11.00000000  1.00000 -7.9066E-13  1.9625E+01  0.0000E+00  1.1295E+01  1.8562E+01  0.0000E+00

"tbf
              1
 11.00000000  1.00000 -1.8676E-13  1.9903E+01  0.0000E+00  1.2294E+01  1.9062E+01  0.0000E+00

"tbf
              1
 11.00000000  1.00000 -3.2480E-12  2.0119E+01  0.0000E+00  1.3253E+01  1.9541E+01  0.0000E+00

"tbf
              1
 11.00000000  1.00000 -1.6824E-12  2.0278E+01  0.0000E+00  1.4168E+01  1.9999E+01  0.0000E+00
