
"tbf
              1
 11.00000000  1.00000  1.3570E-13  1.0350E+01  0.0000E+00  3.4943E-01  1.0249E+01  0.0000E+00

"tbf
              1
 11.00000000  1.00000  9.0032E-13  1.0431E+01  0.0000E+00  4.0538E-01  1.0277E+01  0.0000E+00

"tbf
              1
 11.00000000  1.00000 -6.1052E-13  1.0836E+01  0.0000E+00  8.1818E-01  1.0483E+01  0.0000E+00

"tbf
              1
 11.00000000  1.00000  5.9305E-13  1.1388E+01  0.0000E+00  1.3926E+00  1.0770E+01  0.0000E+00

"tbf
              1
 11.00000000  1.00000 -1.5143E-12  1.2055E+01  0.0000E+00  2.1097E+00  1.1129E+01  0.0000E+00

"tbf
              1
 11.00000000  1.00000  1.4504E-12  1.2800E+01  0.0000E+00  2.9472E+00  1.1547E+01  0.0000E+00

"tbf
              1
 11.00000000  1.00000  1.2334E-12  1.3589E+01  0.0000E+00  3.8809E+00  1.2014E+01  0.0000E+00

"tbf
              1
 11.00000000  1.00000  2.7994E-13  1.4388E+01  0.0000E+00  4.8866E+00  1.2517E+01  0.0000E+00

"tbf
              1
 11.00000000  1.00000 -3.3660E-14  1.5169E+01  0.0000E+00  5.9408E+00  1.3044E+01  0.0000E+00

"tbf
              1
 11.00000000  1.00000 -1.6076E-12  1.5909E+01  0.0000E+00  7.0223E+00  1.3585E+01  0.0000E+00

"tbf
              1
 11.00000000  1.00000 -1.4482E-13  1.6593E+01  0.0000E+00  8.1124E+00  1.4130E+01  0.0000E+00

"tbf
              1
 11.00000000  1.00000  2.7982E-12  1.7209E+01  0.0000E+00  9.1956E+00  1.4672E+01  0.0000E+00

"tbf
              1
 11.00000000  1.00000  1.5630E-12  1.7753E+01  0.0000E+00  1.0260E+01  1.5204E+01  0.0000E+00

"tbf
              1
 11.00000000  1.00000  1.3888E-12  1.8224E+01  0.0000E+00  1.1295E+01  1.5721E+01  0.0000E+00

"tbf
              1
 11.00000000  1.00000  2.7768E-12  1.8623E+01  0.0000E+00  1.2294E+01  1.6221E+01  0.0000E+00

"tbf
              1
 11.00000000  1.00000 -1.1725E-12  1.8954E+01  0.0000E+00  1.3253E+01  1.6700E+01  0.0000E+00

"tbf
              1
 11.00000000  1.00000  1.3140E-12  1.9221E+01  0.0000E+00  1.4168E+01  1.7158E+01  0.0000E+00
