
"tbf
              1
 11.00000000  1.00000  3.2834E-13  1.4136E+01  0.0000E+00  3.4943E-01  1.4128E+01  0.0000E+00

"tbf
              1
 11.00000000  1.00000 -3.7761E-13  1.4219E+01  0.0000E+00  4.0538E-01  1.4156E+01  0.0000E+00

"tbf
              1
 11.00000000  1.00000 -2.1923E-12  1.4550E+01  0.0000E+00  8.1818E-01  1.4362E+01  0.0000E+00

"tbf
              1
 11.00000000  1.00000  1.6443E-12  1.5000E+01  0.0000E+00  1.3926E+00  1.4650E+01  0.0000E+00

"tbf
              1
 11.00000000  1.00000  1.3375E-12  1.5540E+01  0.0000E+00  2.1097E+00  1.5008E+01  0.0000E+00

"tbf
              1
 11.00000000  1.00000  3.0933E-12  1.6139E+01  0.0000E+00  2.9472E+00  1.5427E+01  0.0000E+00

"tbf
              1
 11.00000000  1.00000  2.9692E-12  1.6764E+01  0.0000E+00  3.8809E+00  1.5894E+01  0.0000E+00

"tbf
              1
 11.00000000  1.00000  7.2921E-14  1.7389E+01  0.0000E+00  4.8866E+00  1.6397E+01  0.0000E+00

"tbf
              1
 11.00000000  1.00000  1.3159E-12  1.7988E+01  0.0000E+00  5.9408E+00  1.6924E+01  0.0000E+00

"tbf
              1
 11.00000000  1.00000 -7.8847E-13  1.8543E+01  0.0000E+00  7.0223E+00  1.7464E+01  0.0000E+00

"tbf
              1
 11.00000000  1.00000 -6.3226E-14  1.9040E+01  0.0000E+00  8.1124E+00  1.8009E+01  0.0000E+00

"tbf
              1
 11.00000000  1.00000 -1.0891E-13  1.9474E+01  0.0000E+00  9.1956E+00  1.8551E+01  0.0000E+00

"tbf
              1
 11.00000000  1.00000 -1.5491E-12  1.9839E+01  0.0000E+00  1.0260E+01  1.9083E+01  0.0000E+00

"tbf
              1
 11.00000000  1.00000  2.8887E-12  2.0137E+01  0.0000E+00  1.1295E+01  1.9601E+01  0.0000E+00

"tbf
              1
 11.00000000  1.00000 -6.4082E-13  2.0371E+01  0.0000E+00  1.2294E+01  2.0100E+01  0.0000E+00

"tbf
              1
 11.00000000  1.00000 -6.1126E-13  2.0545E+01  0.0000E+00  1.3253E+01  2.0580E+01  0.0000E+00

"tbf
              1
 11.00000000  1.00000 -3.1788E-12  2.0664E+01  0.0000E+00  1.4168E+01  2.1037E+01  0.0000E+00
