
"tbf
              1
 11.00000000  1.00000  1.7892E-13  1.2154E+01  0.0000E+00  3.4943E-01  1.2097E+01  0.0000E+00

"tbf
              1
 11.00000000  1.00000 -8.0695E-13  1.2236E+01  0.0000E+00  4.0538E-01  1.2125E+01  0.0000E+00

"tbf
              1
 11.00000000  1.00000 -1.3963E-12  1.2606E+01  0.0000E+00  8.1818E-01  1.2331E+01  0.0000E+00

"tbf
              1
 11.00000000  1.00000 -2.0518E-12  1.3109E+01  0.0000E+00  1.3926E+00  1.2619E+01  0.0000E+00

"tbf
              1
 11.00000000  1.00000 -1.2457E-13  1.3715E+01  0.0000E+00  2.1097E+00  1.2977E+01  0.0000E+00

"tbf
              1
 11.00000000  1.00000 -7.6818E-13  1.4391E+01  0.0000E+00  2.9472E+00  1.3396E+01  0.0000E+00

"tbf
              1
 11.00000000  1.00000  1.9926E-12  1.5102E+01  0.0000E+00  3.8809E+00  1.3863E+01  0.0000E+00

"tbf
              1
 11.00000000  1.00000  2.1508E-13  1.5818E+01  0.0000E+00  4.8866E+00  1.4366E+01  0.0000E+00

"tbf
              1
 11.00000000  1.00000 -5.6512E-13  1.6512E+01  0.0000E+00  5.9408E+00  1.4893E+01  0.0000E+00

"tbf
              1
 11.00000000  1.00000 -1.3474E-12  1.7164E+01  0.0000E+00  7.0223E+00  1.5433E+01  0.0000E+00

"tbf
              1
 11.00000000  1.00000 -1.3296E-12  1.7759E+01  0.0000E+00  8.1124E+00  1.5979E+01  0.0000E+00

"tbf
              1
 11.00000000  1.00000  2.4749E-12  1.8288E+01  0.0000E+00  9.1956E+00  1.6520E+01  0.0000E+00

"tbf
              1
 11.00000000  1.00000 -3.4327E-12  1.8747E+01  0.0000E+00  1.0260E+01  1.7052E+01  0.0000E+00

"tbf
              1
 11.00000000  1.00000  5.3474E-13  1.9136E+01  0.0000E+00  1.1295E+01  1.7570E+01  0.0000E+00

"tbf
              1
 11.00000000  1.00000 -3.6017E-13  1.9456E+01  0.0000E+00  1.2294E+01  1.8069E+01  0.0000E+00

"tbf
              1
 11.00000000  1.00000 -1.5881E-12  1.9712E+01  0.0000E+00  1.3253E+01  1.8549E+01  0.0000E+00

"tbf
              1
 11.00000000  1.00000  9.0550E-13  1.9909E+01  0.0000E+00  1.4168E+01  1.9006E+01  0.0000E+00
