
"tbf
              1
 11.00000000  1.00000  1.8525E-13  1.5195E+01  0.0000E+00  3.4944E-01  1.5212E+01  0.0000E+00

"tbf
              1
 11.00000000  1.00000 -3.5694E-13  1.5278E+01  0.0000E+00  4.0538E-01  1.5240E+01  0.0000E+00

"tbf
              1
 11.00000000  1.00000 -1.4792E-12  1.5588E+01  0.0000E+00  8.1818E-01  1.5446E+01  0.0000E+00

"tbf
              1
 11.00000000  1.00000  7.7725E-13  1.6009E+01  0.0000E+00  1.3926E+00  1.5734E+01  0.0000E+00

"tbf
              1
 11.00000000  1.00000 -4.5765E-13  1.6514E+01  0.0000E+00  2.1097E+00  1.6092E+01  0.0000E+00

"tbf
              1
 11.00000000  1.00000  3.5556E-13  1.7071E+01  0.0000E+00  2.9472E+00  1.6511E+01  0.0000E+00

"tbf
              1
 11.00000000  1.00000  3.1822E-13  1.7652E+01  0.0000E+00  3.8809E+00  1.6978E+01  0.0000E+00

"tbf
              1
 11.00000000  1.00000  1.1990E-12  1.8227E+01  0.0000E+00  4.8866E+00  1.7481E+01  0.0000E+00

"tbf
              1
 11.00000000  1.00000 -5.9160E-13  1.8775E+01  0.0000E+00  5.9408E+00  1.8008E+01  0.0000E+00

"tbf
              1
 11.00000000  1.00000 -8.2664E-14  1.9278E+01  0.0000E+00  7.0223E+00  1.8548E+01  0.0000E+00

"tbf
              1
 11.00000000  1.00000  4.3034E-13  1.9724E+01  0.0000E+00  8.1124E+00  1.9094E+01  0.0000E+00

"tbf
              1
 11.00000000  1.00000  2.8391E-12  2.0106E+01  0.0000E+00  9.1956E+00  1.9635E+01  0.0000E+00

"tbf
              1
 11.00000000  1.00000 -1.4192E-12  2.0422E+01  0.0000E+00  1.0260E+01  2.0167E+01  0.0000E+00

"tbf
              1
 11.00000000  1.00000 -1.2069E-12  2.0672E+01  0.0000E+00  1.1295E+01  2.0685E+01  0.0000E+00

"tbf
              1
 11.00000000  1.00000 -4.1356E-14  2.0860E+01  0.0000E+00  1.2294E+01  2.1184E+01  0.0000E+00

"tbf
              1
 11.00000000  1.00000 -1.1234E-13  2.0989E+01  0.0000E+00  1.3253E+01  2.1664E+01  0.0000E+00

"tbf
              1
 11.00000000  1.00000  5.2537E-13  2.1067E+01  0.0000E+00  1.4168E+01  2.2121E+01  0.0000E+00
