
"tbf
              1
 11.00000000  1.00000  1.1229E-13  9.5142E+00  0.0000E+00  3.4943E-01  9.3925E+00  0.0000E+00

"tbf
              1
 11.00000000  1.00000  2.6879E-12  9.5948E+00  0.0000E+00  4.0538E-01  9.4205E+00  0.0000E+00

"tbf
              1
 11.00000000  1.00000  7.5565E-13  1.0017E+01  0.0000E+00  8.1818E-01  9.6269E+00  0.0000E+00

"tbf
              1
 11.00000000  1.00000  1.3269E-12  1.0591E+01  0.0000E+00  1.3926E+00  9.9141E+00  0.0000E+00

"tbf
              1
 11.00000000  1.00000 -1.8189E-12  1.1286E+01  0.0000E+00  2.1097E+00  1.0273E+01  0.0000E+00

"tbf
              1
 11.00000000  1.00000  1.9841E-12  1.2064E+01  0.0000E+00  2.9472E+00  1.0691E+01  0.0000E+00

"tbf
              1
 11.00000000  1.00000  1.0209E-12  1.2889E+01  0.0000E+00  3.8809E+00  1.1158E+01  0.0000E+00

"tbf
              1
 11.00000000  1.00000  2.5909E-13  1.3726E+01  0.0000E+00  4.8866E+00  1.1661E+01  0.0000E+00

"tbf
              1
 11.00000000  1.00000  2.1644E-12  1.4547E+01  0.0000E+00  5.9408E+00  1.2188E+01  0.0000E+00

"tbf
              1
 11.00000000  1.00000  2.2387E-12  1.5328E+01  0.0000E+00  7.0223E+00  1.2729E+01  0.0000E+00

"tbf
              1
 11.00000000  1.00000 -3.7146E-13  1.6053E+01  0.0000E+00  8.1124E+00  1.3274E+01  0.0000E+00

"tbf
              1
 11.00000000  1.00000  7.4281E-13  1.6710E+01  0.0000E+00  9.1956E+00  1.3816E+01  0.0000E+00

"tbf
              1
 11.00000000  1.00000 -8.2370E-13  1.7293E+01  0.0000E+00  1.0260E+01  1.4348E+01  0.0000E+00

"tbf
              1
 11.00000000  1.00000 -3.6637E-13  1.7802E+01  0.0000E+00  1.1295E+01  1.4865E+01  0.0000E+00

"tbf
              1
 11.00000000  1.00000 -8.6865E-14  1.8237E+01  0.0000E+00  1.2294E+01  1.5365E+01  0.0000E+00

"tbf
              1
 11.00000000  1.00000  2.1805E-13  1.8602E+01  0.0000E+00  1.3253E+01  1.5844E+01  0.0000E+00

"tbf
              1
 11.00000000  1.00000  1.4996E-12  1.8903E+01  0.0000E+00  1.4168E+01  1.6302E+01  0.0000E+00
