
"tbf
              1
  3.90000000  1.00000  1.8767E-10  7.4852E-01  0.0000E+00  7.6440E-02  8.0657E-01  0.0000E+00

"tbf
              1
  3.90000000  1.00000 -7.1406E-10  7.4972E-01  0.0000E+00  8.1054E-02  8.0887E-01  0.0000E+00

"tbf
              1
  3.90000000  1.00000  5.3319E-10  7.5093E-01  0.0000E+00  8.5460E-02  8.1108E-01  0.0000E+00

"tbf
              1
  3.90000000  1.00000 -1.6658E-09  7.5214E-01  0.0000E+00  8.9902E-02  8.1330E-01  0.0000E+00

"tbf
              1
  3.90000000  1.00000 -8.8818E-10  7.5336E-01  0.0000E+00  9.4405E-02  8.1555E-01  0.0000E+00

"tbf
              1
  3.90000000  1.00000 -1.1541E-09  7.5457E-01  0.0000E+00  9.8976E-02  8.1783E-01  0.0000E+00

"tbf
              1
  3.90000000  1.00000 -2.1529E-10  7.5579E-01  0.0000E+00  1.0362E-01  8.2015E-01  0.0000E+00

"tbf
              1
  3.90000000  1.00000  3.7409E-10  7.5700E-01  0.0000E+00  1.0833E-01  8.2251E-01  0.0000E+00

"tbf
              1
  3.90000000  1.00000 -1.5822E-09  7.5821E-01  0.0000E+00  1.1312E-01  8.2490E-01  0.0000E+00

"tbf
              1
  3.90000000  1.00000  1.2024E-09  7.5941E-01  0.0000E+00  1.1797E-01  8.2733E-01  0.0000E+00

"tbf
              1
  3.90000000  1.00000 -3.5347E-10  7.6061E-01  0.0000E+00  1.2290E-01  8.2979E-01  0.0000E+00

"tbf
              1
  3.90000000  1.00000  2.5161E-10  7.6179E-01  0.0000E+00  1.2789E-01  8.3229E-01  0.0000E+00

"tbf
              1
  3.90000000  1.00000  2.2502E-09  7.6296E-01  0.0000E+00  1.3294E-01  8.3482E-01  0.0000E+00

"tbf
              1
  3.90000000  1.00000  2.3511E-10  7.6411E-01  0.0000E+00  1.3806E-01  8.3738E-01  0.0000E+00

"tbf
              1
  3.90000000  1.00000 -6.4467E-10  7.6524E-01  0.0000E+00  1.4324E-01  8.3997E-01  0.0000E+00

"tbf
              1
  3.90000000  1.00000  5.5866E-10  7.6636E-01  0.0000E+00  1.4848E-01  8.4259E-01  0.0000E+00

"tbf
              1
  3.90000000  1.00000 -1.3197E-09  7.6745E-01  0.0000E+00  1.5378E-01  8.4523E-01  0.0000E+00
