
"tbf
              1
  3.90000000  1.00000  1.0025E-09  6.2212E-01  0.0000E+00  7.6436E-02  6.5754E-01  0.0000E+00

"tbf
              1
  3.90000000  1.00000 -6.9530E-10  6.2418E-01  0.0000E+00  8.1050E-02  6.5985E-01  0.0000E+00

"tbf
              1
  3.90000000  1.00000 -6.3949E-10  6.2620E-01  0.0000E+00  8.5456E-02  6.6205E-01  0.0000E+00

"tbf
              1
  3.90000000  1.00000 -2.2293E-09  6.2822E-01  0.0000E+00  8.9898E-02  6.6427E-01  0.0000E+00

"tbf
              1
  3.90000000  1.00000  2.4733E-09  6.3025E-01  0.0000E+00  9.4401E-02  6.6652E-01  0.0000E+00

"tbf
              1
  3.90000000  1.00000 -1.1781E-09  6.3230E-01  0.0000E+00  9.8973E-02  6.6881E-01  0.0000E+00

"tbf
              1
  3.90000000  1.00000  1.1295E-09  6.3435E-01  0.0000E+00  1.0362E-01  6.7113E-01  0.0000E+00

"tbf
              1
  3.90000000  1.00000 -4.8779E-10  6.3641E-01  0.0000E+00  1.0833E-01  6.7348E-01  0.0000E+00

"tbf
              1
  3.90000000  1.00000 -3.4899E-10  6.3847E-01  0.0000E+00  1.1311E-01  6.7588E-01  0.0000E+00

"tbf
              1
  3.90000000  1.00000  2.6790E-10  6.4054E-01  0.0000E+00  1.1797E-01  6.7830E-01  0.0000E+00

"tbf
              1
  3.90000000  1.00000 -5.9512E-10  6.4261E-01  0.0000E+00  1.2289E-01  6.8077E-01  0.0000E+00

"tbf
              1
  3.90000000  1.00000 -4.9517E-10  6.4467E-01  0.0000E+00  1.2788E-01  6.8326E-01  0.0000E+00

"tbf
              1
  3.90000000  1.00000  1.1107E-09  6.4673E-01  0.0000E+00  1.3294E-01  6.8579E-01  0.0000E+00

"tbf
              1
  3.90000000  1.00000  9.1966E-10  6.4878E-01  0.0000E+00  1.3806E-01  6.8835E-01  0.0000E+00

"tbf
              1
  3.90000000  1.00000 -1.4507E-09  6.5082E-01  0.0000E+00  1.4324E-01  6.9094E-01  0.0000E+00

"tbf
              1
  3.90000000  1.00000  1.3369E-09  6.5285E-01  0.0000E+00  1.4848E-01  6.9356E-01  0.0000E+00

"tbf
              1
  3.90000000  1.00000 -1.7750E-10  6.5487E-01  0.0000E+00  1.5377E-01  6.9621E-01  0.0000E+00
