
"tbf
              1
  3.90000000  1.00000  2.3880E-09  3.5929E-01  0.0000E+00  7.6427E-02  3.4764E-01  0.0000E+00

"tbf
              1
  3.90000000  1.00000 -1.5018E-09  3.6313E-01  0.0000E+00  8.1042E-02  3.4995E-01  0.0000E+00

"tbf
              1
  3.90000000  1.00000  6.4477E-10  3.6683E-01  0.0000E+00  8.5447E-02  3.5215E-01  0.0000E+00

"tbf
              1
  3.90000000  1.00000 -2.9785E-09  3.7053E-01  0.0000E+00  8.9890E-02  3.5437E-01  0.0000E+00

"tbf
              1
  3.90000000  1.00000 -9.3899E-10  3.7427E-01  0.0000E+00  9.4393E-02  3.5663E-01  0.0000E+00

"tbf
              1
  3.90000000  1.00000 -1.6229E-09  3.7803E-01  0.0000E+00  9.8965E-02  3.5891E-01  0.0000E+00

"tbf
              1
  3.90000000  1.00000 -6.7781E-10  3.8182E-01  0.0000E+00  1.0361E-01  3.6123E-01  0.0000E+00

"tbf
              1
  3.90000000  1.00000  1.0781E-09  3.8564E-01  0.0000E+00  1.0832E-01  3.6359E-01  0.0000E+00

"tbf
              1
  3.90000000  1.00000 -5.3753E-10  3.8949E-01  0.0000E+00  1.1311E-01  3.6598E-01  0.0000E+00

"tbf
              1
  3.90000000  1.00000  4.3991E-10  3.9335E-01  0.0000E+00  1.1796E-01  3.6841E-01  0.0000E+00

"tbf
              1
  3.90000000  1.00000 -4.5266E-10  3.9723E-01  0.0000E+00  1.2289E-01  3.7087E-01  0.0000E+00

"tbf
              1
  3.90000000  1.00000  1.4948E-09  4.0113E-01  0.0000E+00  1.2788E-01  3.7337E-01  0.0000E+00

"tbf
              1
  3.90000000  1.00000  2.1649E-09  4.0504E-01  0.0000E+00  1.3293E-01  3.7590E-01  0.0000E+00

"tbf
              1
  3.90000000  1.00000  1.4291E-09  4.0896E-01  0.0000E+00  1.3805E-01  3.7845E-01  0.0000E+00

"tbf
              1
  3.90000000  1.00000 -1.1638E-09  4.1289E-01  0.0000E+00  1.4323E-01  3.8104E-01  0.0000E+00

"tbf
              1
  3.90000000  1.00000 -8.2265E-10  4.1682E-01  0.0000E+00  1.4847E-01  3.8366E-01  0.0000E+00

"tbf
              1
  3.90000000  1.00000  3.7110E-10  4.2074E-01  0.0000E+00  1.5377E-01  3.8631E-01  0.0000E+00
