
"tbf
              1
  3.90000000  1.00000  9.8579E-10  8.9953E-01  0.0000E+00  7.6445E-02  9.8463E-01  0.0000E+00

"tbf
              1
  3.90000000  1.00000 -1.3761E-09  8.9972E-01  0.0000E+00  8.1059E-02  9.8693E-01  0.0000E+00

"tbf
              1
  3.90000000  1.00000  1.1081E-09  8.9996E-01  0.0000E+00  8.5464E-02  9.8914E-01  0.0000E+00

"tbf
              1
  3.90000000  1.00000 -2.8421E-09  9.0020E-01  0.0000E+00  8.9907E-02  9.9136E-01  0.0000E+00

"tbf
              1
  3.90000000  1.00000 -3.4801E-11  9.0044E-01  0.0000E+00  9.4410E-02  9.9361E-01  0.0000E+00

"tbf
              1
  3.90000000  1.00000 -2.8848E-10  9.0067E-01  0.0000E+00  9.8981E-02  9.9589E-01  0.0000E+00

"tbf
              1
  3.90000000  1.00000  8.0986E-10  9.0089E-01  0.0000E+00  1.0362E-01  9.9822E-01  0.0000E+00

"tbf
              1
  3.90000000  1.00000  5.0728E-10  9.0109E-01  0.0000E+00  1.0834E-01  1.0006E+00  0.0000E+00

"tbf
              1
  3.90000000  1.00000 -1.5155E-09  9.0128E-01  0.0000E+00  1.1312E-01  1.0030E+00  0.0000E+00

"tbf
              1
  3.90000000  1.00000 -8.7905E-11  9.0145E-01  0.0000E+00  1.1798E-01  1.0054E+00  0.0000E+00

"tbf
              1
  3.90000000  1.00000  1.3099E-09  9.0159E-01  0.0000E+00  1.2290E-01  1.0079E+00  0.0000E+00

"tbf
              1
  3.90000000  1.00000  1.7398E-09  9.0172E-01  0.0000E+00  1.2789E-01  1.0103E+00  0.0000E+00

"tbf
              1
  3.90000000  1.00000 -1.3849E-10  9.0183E-01  0.0000E+00  1.3295E-01  1.0129E+00  0.0000E+00

"tbf
              1
  3.90000000  1.00000  1.7452E-09  9.0190E-01  0.0000E+00  1.3807E-01  1.0154E+00  0.0000E+00

"tbf
              1
  3.90000000  1.00000 -1.1500E-09  9.0196E-01  0.0000E+00  1.4325E-01  1.0180E+00  0.0000E+00

"tbf
              1
  3.90000000  1.00000  1.0024E-09  9.0198E-01  0.0000E+00  1.4848E-01  1.0206E+00  0.0000E+00

"tbf
              1
  3.90000000  1.00000 -2.9905E-10  9.0197E-01  0.0000E+00  1.5378E-01  1.0233E+00  0.0000E+00
