
"tbf
              1
  3.90000000  1.00000  2.9294E-10  3.0156E-01  0.0000E+00  7.6425E-02  2.7957E-01  0.0000E+00

"tbf
              1
  3.90000000  1.00000 -4.9777E-10  3.0579E-01  0.0000E+00  8.1040E-02  2.8188E-01  0.0000E+00

"tbf
              1
  3.90000000  1.00000  5.7915E-10  3.0986E-01  0.0000E+00  8.5445E-02  2.8408E-01  0.0000E+00

"tbf
              1
  3.90000000  1.00000 -1.0076E-09  3.1393E-01  0.0000E+00  8.9888E-02  2.8631E-01  0.0000E+00

"tbf
              1
  3.90000000  1.00000  4.6912E-10  3.1804E-01  0.0000E+00  9.4392E-02  2.8856E-01  0.0000E+00

"tbf
              1
  3.90000000  1.00000 -5.1126E-10  3.2218E-01  0.0000E+00  9.8963E-02  2.9084E-01  0.0000E+00

"tbf
              1
  3.90000000  1.00000  1.3962E-09  3.2636E-01  0.0000E+00  1.0361E-01  2.9316E-01  0.0000E+00

"tbf
              1
  3.90000000  1.00000  7.2098E-10  3.3056E-01  0.0000E+00  1.0832E-01  2.9552E-01  0.0000E+00

"tbf
              1
  3.90000000  1.00000 -3.7620E-10  3.3480E-01  0.0000E+00  1.1310E-01  2.9791E-01  0.0000E+00

"tbf
              1
  3.90000000  1.00000  1.8885E-10  3.3906E-01  0.0000E+00  1.1796E-01  3.0034E-01  0.0000E+00

"tbf
              1
  3.90000000  1.00000  6.6366E-10  3.4334E-01  0.0000E+00  1.2288E-01  3.0280E-01  0.0000E+00

"tbf
              1
  3.90000000  1.00000  9.8624E-10  3.4764E-01  0.0000E+00  1.2788E-01  3.0530E-01  0.0000E+00

"tbf
              1
  3.90000000  1.00000  4.4175E-10  3.5196E-01  0.0000E+00  1.3293E-01  3.0783E-01  0.0000E+00

"tbf
              1
  3.90000000  1.00000  2.1752E-09  3.5629E-01  0.0000E+00  1.3805E-01  3.1039E-01  0.0000E+00

"tbf
              1
  3.90000000  1.00000 -1.2103E-09  3.6063E-01  0.0000E+00  1.4323E-01  3.1298E-01  0.0000E+00

"tbf
              1
  3.90000000  1.00000 -2.7250E-10  3.6497E-01  0.0000E+00  1.4847E-01  3.1560E-01  0.0000E+00

"tbf
              1
  3.90000000  1.00000 -7.1239E-10  3.6932E-01  0.0000E+00  1.5377E-01  3.1824E-01  0.0000E+00
