
"tbf
              1
  3.90000000  1.00000  5.6505E-10  4.3033E-01  0.0000E+00  7.6429E-02  4.3140E-01  0.0000E+00

"tbf
              1
  3.90000000  1.00000 -9.8624E-10  4.3369E-01  0.0000E+00  8.1044E-02  4.3371E-01  0.0000E+00

"tbf
              1
  3.90000000  1.00000 -4.7607E-10  4.3693E-01  0.0000E+00  8.5450E-02  4.3591E-01  0.0000E+00

"tbf
              1
  3.90000000  1.00000 -2.0221E-09  4.4018E-01  0.0000E+00  8.9892E-02  4.3813E-01  0.0000E+00

"tbf
              1
  3.90000000  1.00000 -2.7625E-10  4.4346E-01  0.0000E+00  9.4395E-02  4.4039E-01  0.0000E+00

"tbf
              1
  3.90000000  1.00000 -9.1575E-12  4.4676E-01  0.0000E+00  9.8967E-02  4.4267E-01  0.0000E+00

"tbf
              1
  3.90000000  1.00000  1.3820E-10  4.5008E-01  0.0000E+00  1.0361E-01  4.4499E-01  0.0000E+00

"tbf
              1
  3.90000000  1.00000 -6.7884E-10  4.5342E-01  0.0000E+00  1.0832E-01  4.4735E-01  0.0000E+00

"tbf
              1
  3.90000000  1.00000 -1.0255E-09  4.5678E-01  0.0000E+00  1.1311E-01  4.4974E-01  0.0000E+00

"tbf
              1
  3.90000000  1.00000  1.5850E-09  4.6016E-01  0.0000E+00  1.1796E-01  4.5217E-01  0.0000E+00

"tbf
              1
  3.90000000  1.00000 -8.4768E-10  4.6356E-01  0.0000E+00  1.2289E-01  4.5463E-01  0.0000E+00

"tbf
              1
  3.90000000  1.00000  2.2535E-09  4.6696E-01  0.0000E+00  1.2788E-01  4.5713E-01  0.0000E+00

"tbf
              1
  3.90000000  1.00000  1.2026E-09  4.7037E-01  0.0000E+00  1.3293E-01  4.5965E-01  0.0000E+00

"tbf
              1
  3.90000000  1.00000  2.1548E-09  4.7378E-01  0.0000E+00  1.3805E-01  4.6221E-01  0.0000E+00

"tbf
              1
  3.90000000  1.00000  5.5131E-10  4.7720E-01  0.0000E+00  1.4323E-01  4.6480E-01  0.0000E+00

"tbf
              1
  3.90000000  1.00000 -7.4390E-10  4.8061E-01  0.0000E+00  1.4847E-01  4.6742E-01  0.0000E+00

"tbf
              1
  3.90000000  1.00000 -4.1741E-10  4.8402E-01  0.0000E+00  1.5377E-01  4.7007E-01  0.0000E+00
