
"tbf
              1
  3.90000000  1.00000  1.2320E-09  5.1705E-01  0.0000E+00  7.6432E-02  5.3365E-01  0.0000E+00

"tbf
              1
  3.90000000  1.00000 -5.6414E-10  5.1982E-01  0.0000E+00  8.1047E-02  5.3596E-01  0.0000E+00

"tbf
              1
  3.90000000  1.00000 -2.3918E-10  5.2251E-01  0.0000E+00  8.5452E-02  5.3816E-01  0.0000E+00

"tbf
              1
  3.90000000  1.00000 -1.0215E-09  5.2521E-01  0.0000E+00  8.9895E-02  5.4038E-01  0.0000E+00

"tbf
              1
  3.90000000  1.00000 -7.5633E-10  5.2792E-01  0.0000E+00  9.4398E-02  5.4264E-01  0.0000E+00

"tbf
              1
  3.90000000  1.00000 -8.1312E-10  5.3065E-01  0.0000E+00  9.8970E-02  5.4492E-01  0.0000E+00

"tbf
              1
  3.90000000  1.00000 -1.0249E-09  5.3340E-01  0.0000E+00  1.0361E-01  5.4724E-01  0.0000E+00

"tbf
              1
  3.90000000  1.00000  1.0609E-09  5.3616E-01  0.0000E+00  1.0833E-01  5.4960E-01  0.0000E+00

"tbf
              1
  3.90000000  1.00000 -1.5426E-09  5.3894E-01  0.0000E+00  1.1311E-01  5.5199E-01  0.0000E+00

"tbf
              1
  3.90000000  1.00000  9.6097E-11  5.4172E-01  0.0000E+00  1.1797E-01  5.5442E-01  0.0000E+00

"tbf
              1
  3.90000000  1.00000 -4.8068E-12  5.4452E-01  0.0000E+00  1.2289E-01  5.5688E-01  0.0000E+00

"tbf
              1
  3.90000000  1.00000  4.7943E-10  5.4731E-01  0.0000E+00  1.2788E-01  5.5938E-01  0.0000E+00

"tbf
              1
  3.90000000  1.00000  1.2696E-09  5.5011E-01  0.0000E+00  1.3294E-01  5.6191E-01  0.0000E+00

"tbf
              1
  3.90000000  1.00000  1.9513E-09  5.5291E-01  0.0000E+00  1.3806E-01  5.6446E-01  0.0000E+00

"tbf
              1
  3.90000000  1.00000  9.0498E-10  5.5571E-01  0.0000E+00  1.4324E-01  5.6705E-01  0.0000E+00

"tbf
              1
  3.90000000  1.00000 -2.9867E-10  5.5849E-01  0.0000E+00  1.4847E-01  5.6967E-01  0.0000E+00

"tbf
              1
  3.90000000  1.00000 -3.7939E-10  5.6127E-01  0.0000E+00  1.5377E-01  5.7232E-01  0.0000E+00
