
"tbf
              1
 11.00000000  1.00000  2.2064E-13  1.9664E+01  0.0000E+00  3.4944E-01  1.9791E+01  0.0000E+00

"tbf
              1
 11.00000000  1.00000  1.5797E-12  1.9730E+01  0.0000E+00  4.0538E-01  1.9796E+01  0.0000E+00

"tbf
              1
 11.00000000  1.00000 -6.4832E-14  1.9798E+01  0.0000E+00  8.1819E-01  1.9837E+01  0.0000E+00

"tbf
              1
 11.00000000  1.00000 -6.0655E-13  1.9892E+01  0.0000E+00  1.3926E+00  1.9895E+01  0.0000E+00

"tbf
              1
 11.00000000  1.00000 -2.0493E-12  2.0005E+01  0.0000E+00  2.1097E+00  1.9967E+01  0.0000E+00

"tbf
              1
 11.00000000  1.00000  2.4001E-12  2.0128E+01  0.0000E+00  2.9472E+00  2.0050E+01  0.0000E+00

"tbf
              1
 11.00000000  1.00000  5.6522E-14  2.0255E+01  0.0000E+00  3.8809E+00  2.0144E+01  0.0000E+00

"tbf
              1
 11.00000000  1.00000  3.6791E-13  2.0378E+01  0.0000E+00  4.8866E+00  2.0244E+01  0.0000E+00

"tbf
              1
 11.00000000  1.00000  5.0829E-14  2.0490E+01  0.0000E+00  5.9408E+00  2.0350E+01  0.0000E+00

"tbf
              1
 11.00000000  1.00000  1.2153E-13  2.0587E+01  0.0000E+00  7.0223E+00  2.0458E+01  0.0000E+00

"tbf
              1
 11.00000000  1.00000 -1.7109E-12  2.0666E+01  0.0000E+00  8.1124E+00  2.0567E+01  0.0000E+00

"tbf
              1
 11.00000000  1.00000 -1.5353E-12  2.0725E+01  0.0000E+00  9.1956E+00  2.0675E+01  0.0000E+00

"tbf
              1
 11.00000000  1.00000 -1.1305E-12  2.0763E+01  0.0000E+00  1.0260E+01  2.0782E+01  0.0000E+00

"tbf
              1
 11.00000000  1.00000 -3.4768E-14  2.0781E+01  0.0000E+00  1.1295E+01  2.0885E+01  0.0000E+00

"tbf
              1
 11.00000000  1.00000 -2.9622E-12  2.0779E+01  0.0000E+00  1.2294E+01  2.0985E+01  0.0000E+00

"tbf
              1
 11.00000000  1.00000 -2.1086E-13  2.0758E+01  0.0000E+00  1.3253E+01  2.1081E+01  0.0000E+00

"tbf
              1
 11.00000000  1.00000 -2.0464E-12  2.0721E+01  0.0000E+00  1.4168E+01  2.1172E+01  0.0000E+00
