
"tbf
              1
 11.00000000  1.00000  2.4079E-13  2.4896E+01  0.0000E+00  3.4944E-01  2.5151E+01  0.0000E+00

"tbf
              1
 11.00000000  1.00000 -5.5605E-14  2.4965E+01  0.0000E+00  4.0539E-01  2.5156E+01  0.0000E+00

"tbf
              1
 11.00000000  1.00000 -3.2998E-12  2.4930E+01  0.0000E+00  8.1819E-01  2.5198E+01  0.0000E+00

"tbf
              1
 11.00000000  1.00000  1.2477E-12  2.4883E+01  0.0000E+00  1.3926E+00  2.5255E+01  0.0000E+00

"tbf
              1
 11.00000000  1.00000  3.1280E-13  2.4820E+01  0.0000E+00  2.1097E+00  2.5327E+01  0.0000E+00

"tbf
              1
 11.00000000  1.00000 -3.6817E-13  2.4741E+01  0.0000E+00  2.9472E+00  2.5411E+01  0.0000E+00

"tbf
              1
 11.00000000  1.00000  3.5876E-12  2.4642E+01  0.0000E+00  3.8809E+00  2.5504E+01  0.0000E+00

"tbf
              1
 11.00000000  1.00000  1.0338E-12  2.4523E+01  0.0000E+00  4.8866E+00  2.5605E+01  0.0000E+00

"tbf
              1
 11.00000000  1.00000  2.2242E-12  2.4384E+01  0.0000E+00  5.9408E+00  2.5710E+01  0.0000E+00

"tbf
              1
 11.00000000  1.00000  4.7497E-14  2.4225E+01  0.0000E+00  7.0223E+00  2.5818E+01  0.0000E+00

"tbf
              1
 11.00000000  1.00000 -1.8857E-12  2.4048E+01  0.0000E+00  8.1124E+00  2.5927E+01  0.0000E+00

"tbf
              1
 11.00000000  1.00000  2.0934E-12  2.3854E+01  0.0000E+00  9.1956E+00  2.6036E+01  0.0000E+00

"tbf
              1
 11.00000000  1.00000 -3.1483E-12  2.3645E+01  0.0000E+00  1.0260E+01  2.6142E+01  0.0000E+00

"tbf
              1
 11.00000000  1.00000  1.0340E-12  2.3425E+01  0.0000E+00  1.1295E+01  2.6245E+01  0.0000E+00

"tbf
              1
 11.00000000  1.00000  1.1930E-12  2.3194E+01  0.0000E+00  1.2294E+01  2.6345E+01  0.0000E+00

"tbf
              1
 11.00000000  1.00000 -2.6553E-12  2.2957E+01  0.0000E+00  1.3253E+01  2.6441E+01  0.0000E+00

"tbf
              1
 11.00000000  1.00000  3.4781E-13  2.2714E+01  0.0000E+00  1.4168E+01  2.6533E+01  0.0000E+00
