
"tbf
              1
 11.00000000  1.00000  5.5608E-14  2.3072E+01  0.0000E+00  3.4944E-01  2.3282E+01  0.0000E+00

"tbf
              1
 11.00000000  1.00000 -2.9598E-12  2.3140E+01  0.0000E+00  4.0539E-01  2.3287E+01  0.0000E+00

"tbf
              1
 11.00000000  1.00000 -2.0310E-12  2.3141E+01  0.0000E+00  8.1819E-01  2.3329E+01  0.0000E+00

"tbf
              1
 11.00000000  1.00000  2.1046E-12  2.3143E+01  0.0000E+00  1.3926E+00  2.3386E+01  0.0000E+00

"tbf
              1
 11.00000000  1.00000 -3.0968E-12  2.3141E+01  0.0000E+00  2.1097E+00  2.3458E+01  0.0000E+00

"tbf
              1
 11.00000000  1.00000  1.1199E-12  2.3132E+01  0.0000E+00  2.9472E+00  2.3542E+01  0.0000E+00

"tbf
              1
 11.00000000  1.00000 -2.4385E-12  2.3112E+01  0.0000E+00  3.8809E+00  2.3635E+01  0.0000E+00

"tbf
              1
 11.00000000  1.00000  2.3315E-12  2.3078E+01  0.0000E+00  4.8866E+00  2.3736E+01  0.0000E+00

"tbf
              1
 11.00000000  1.00000  1.1113E-12  2.3026E+01  0.0000E+00  5.9408E+00  2.3841E+01  0.0000E+00

"tbf
              1
 11.00000000  1.00000 -2.6010E-12  2.2957E+01  0.0000E+00  7.0223E+00  2.3949E+01  0.0000E+00

"tbf
              1
 11.00000000  1.00000  3.2231E-13  2.2869E+01  0.0000E+00  8.1124E+00  2.4058E+01  0.0000E+00

"tbf
              1
 11.00000000  1.00000 -3.5273E-13  2.2763E+01  0.0000E+00  9.1956E+00  2.4167E+01  0.0000E+00

"tbf
              1
 11.00000000  1.00000  1.8674E-12  2.2640E+01  0.0000E+00  1.0260E+01  2.4273E+01  0.0000E+00

"tbf
              1
 11.00000000  1.00000  4.3391E-12  2.2503E+01  0.0000E+00  1.1295E+01  2.4376E+01  0.0000E+00

"tbf
              1
 11.00000000  1.00000 -7.1059E-14  2.2352E+01  0.0000E+00  1.2294E+01  2.4476E+01  0.0000E+00

"tbf
              1
 11.00000000  1.00000 -1.1274E-12  2.2190E+01  0.0000E+00  1.3253E+01  2.4572E+01  0.0000E+00

"tbf
              1
 11.00000000  1.00000  1.7923E-12  2.2019E+01  0.0000E+00  1.4168E+01  2.4664E+01  0.0000E+00
