
"tbf
              1
 11.00000000  1.00000  6.3864E-15  2.6801E+01  0.0000E+00  3.4944E-01  2.7102E+01  0.0000E+00

"tbf
              1
 11.00000000  1.00000 -2.7840E-13  2.6870E+01  0.0000E+00  4.0539E-01  2.7108E+01  0.0000E+00

"tbf
              1
 11.00000000  1.00000 -7.7574E-13  2.6798E+01  0.0000E+00  8.1819E-01  2.7149E+01  0.0000E+00

"tbf
              1
 11.00000000  1.00000 -2.6054E-12  2.6699E+01  0.0000E+00  1.3926E+00  2.7206E+01  0.0000E+00

"tbf
              1
 11.00000000  1.00000 -7.4803E-13  2.6573E+01  0.0000E+00  2.1097E+00  2.7278E+01  0.0000E+00

"tbf
              1
 11.00000000  1.00000  2.8166E-12  2.6420E+01  0.0000E+00  2.9472E+00  2.7362E+01  0.0000E+00

"tbf
              1
 11.00000000  1.00000  1.0317E-12  2.6239E+01  0.0000E+00  3.8809E+00  2.7455E+01  0.0000E+00

"tbf
              1
 11.00000000  1.00000  3.4106E-13  2.6032E+01  0.0000E+00  4.8866E+00  2.7556E+01  0.0000E+00

"tbf
              1
 11.00000000  1.00000  3.3750E-12  2.5802E+01  0.0000E+00  5.9408E+00  2.7661E+01  0.0000E+00

"tbf
              1
 11.00000000  1.00000 -1.4440E-12  2.5550E+01  0.0000E+00  7.0223E+00  2.7769E+01  0.0000E+00

"tbf
              1
 11.00000000  1.00000  1.6616E-12  2.5279E+01  0.0000E+00  8.1124E+00  2.7878E+01  0.0000E+00

"tbf
              1
 11.00000000  1.00000  9.9841E-13  2.4993E+01  0.0000E+00  9.1956E+00  2.7987E+01  0.0000E+00

"tbf
              1
 11.00000000  1.00000  1.1852E-12  2.4694E+01  0.0000E+00  1.0260E+01  2.8093E+01  0.0000E+00

"tbf
              1
 11.00000000  1.00000  2.2014E-12  2.4387E+01  0.0000E+00  1.1295E+01  2.8197E+01  0.0000E+00

"tbf
              1
 11.00000000  1.00000 -7.3288E-13  2.4074E+01  0.0000E+00  1.2294E+01  2.8297E+01  0.0000E+00

"tbf
              1
 11.00000000  1.00000  5.8427E-13  2.3757E+01  0.0000E+00  1.3253E+01  2.8392E+01  0.0000E+00

"tbf
              1
 11.00000000  1.00000 -1.2087E-12  2.3440E+01  0.0000E+00  1.4168E+01  2.8484E+01  0.0000E+00
