
"tbf
              1
 11.00000000  1.00000  2.8635E-13  1.6576E+01  0.0000E+00  3.4944E-01  1.6627E+01  0.0000E+00

"tbf
              1
 11.00000000  1.00000  2.1654E-12  1.6641E+01  0.0000E+00  4.0538E-01  1.6633E+01  0.0000E+00

"tbf
              1
 11.00000000  1.00000 -2.1131E-12  1.6769E+01  0.0000E+00  8.1818E-01  1.6674E+01  0.0000E+00

"tbf
              1
 11.00000000  1.00000 -2.7210E-13  1.6946E+01  0.0000E+00  1.3926E+00  1.6731E+01  0.0000E+00

"tbf
              1
 11.00000000  1.00000 -1.7082E-12  1.7162E+01  0.0000E+00  2.1097E+00  1.6803E+01  0.0000E+00

"tbf
              1
 11.00000000  1.00000  2.0065E-12  1.7406E+01  0.0000E+00  2.9472E+00  1.6887E+01  0.0000E+00

"tbf
              1
 11.00000000  1.00000 -2.7068E-13  1.7666E+01  0.0000E+00  3.8809E+00  1.6980E+01  0.0000E+00

"tbf
              1
 11.00000000  1.00000 -1.8910E-12  1.7931E+01  0.0000E+00  4.8866E+00  1.7081E+01  0.0000E+00

"tbf
              1
 11.00000000  1.00000  1.4533E-12  1.8191E+01  0.0000E+00  5.9408E+00  1.7186E+01  0.0000E+00

"tbf
              1
 11.00000000  1.00000  1.3782E-12  1.8440E+01  0.0000E+00  7.0223E+00  1.7294E+01  0.0000E+00

"tbf
              1
 11.00000000  1.00000 -1.6365E-13  1.8670E+01  0.0000E+00  8.1124E+00  1.7403E+01  0.0000E+00

"tbf
              1
 11.00000000  1.00000  3.4184E-13  1.8879E+01  0.0000E+00  9.1956E+00  1.7512E+01  0.0000E+00

"tbf
              1
 11.00000000  1.00000 -1.2329E-12  1.9062E+01  0.0000E+00  1.0260E+01  1.7618E+01  0.0000E+00

"tbf
              1
 11.00000000  1.00000 -3.3935E-12  1.9220E+01  0.0000E+00  1.1295E+01  1.7722E+01  0.0000E+00

"tbf
              1
 11.00000000  1.00000  4.1296E-13  1.9353E+01  0.0000E+00  1.2294E+01  1.7821E+01  0.0000E+00

"tbf
              1
 11.00000000  1.00000 -6.2941E-13  1.9461E+01  0.0000E+00  1.3253E+01  1.7917E+01  0.0000E+00

"tbf
              1
 11.00000000  1.00000 -2.3866E-12  1.9545E+01  0.0000E+00  1.4168E+01  1.8009E+01  0.0000E+00
