
"tbf
              1
 11.00000000  1.00000  2.3198E-13  1.8080E+01  0.0000E+00  3.4944E-01  1.8168E+01  0.0000E+00

"tbf
              1
 11.00000000  1.00000  1.0412E-12  1.8146E+01  0.0000E+00  4.0538E-01  1.8174E+01  0.0000E+00

"tbf
              1
 11.00000000  1.00000  2.7292E-13  1.8244E+01  0.0000E+00  8.1819E-01  1.8215E+01  0.0000E+00

"tbf
              1
 11.00000000  1.00000 -1.8627E-12  1.8381E+01  0.0000E+00  1.3926E+00  1.8272E+01  0.0000E+00

"tbf
              1
 11.00000000  1.00000 -9.0879E-13  1.8547E+01  0.0000E+00  2.1097E+00  1.8344E+01  0.0000E+00

"tbf
              1
 11.00000000  1.00000  4.5342E-13  1.8732E+01  0.0000E+00  2.9472E+00  1.8428E+01  0.0000E+00

"tbf
              1
 11.00000000  1.00000  1.6228E-12  1.8927E+01  0.0000E+00  3.8809E+00  1.8521E+01  0.0000E+00

"tbf
              1
 11.00000000  1.00000 -5.1281E-13  1.9123E+01  0.0000E+00  4.8866E+00  1.8622E+01  0.0000E+00

"tbf
              1
 11.00000000  1.00000  3.4353E-12  1.9311E+01  0.0000E+00  5.9408E+00  1.8727E+01  0.0000E+00

"tbf
              1
 11.00000000  1.00000  3.3542E-13  1.9486E+01  0.0000E+00  7.0223E+00  1.8835E+01  0.0000E+00

"tbf
              1
 11.00000000  1.00000  2.4569E-12  1.9642E+01  0.0000E+00  8.1124E+00  1.8944E+01  0.0000E+00

"tbf
              1
 11.00000000  1.00000 -6.3101E-13  1.9778E+01  0.0000E+00  9.1956E+00  1.9053E+01  0.0000E+00

"tbf
              1
 11.00000000  1.00000 -5.7478E-13  1.9891E+01  0.0000E+00  1.0260E+01  1.9159E+01  0.0000E+00

"tbf
              1
 11.00000000  1.00000  8.6673E-13  1.9980E+01  0.0000E+00  1.1295E+01  1.9263E+01  0.0000E+00

"tbf
              1
 11.00000000  1.00000  5.4589E-13  2.0047E+01  0.0000E+00  1.2294E+01  1.9362E+01  0.0000E+00

"tbf
              1
 11.00000000  1.00000  8.6146E-14  2.0093E+01  0.0000E+00  1.3253E+01  1.9458E+01  0.0000E+00

"tbf
              1
 11.00000000  1.00000  2.5532E-12  2.0118E+01  0.0000E+00  1.4168E+01  1.9550E+01  0.0000E+00
