
"tbf
              1
 11.00000000  1.00000  2.1159E-13  2.1328E+01  0.0000E+00  3.4944E-01  2.1495E+01  0.0000E+00

"tbf
              1
 11.00000000  1.00000 -1.3800E-12  2.1395E+01  0.0000E+00  4.0538E-01  2.1501E+01  0.0000E+00

"tbf
              1
 11.00000000  1.00000  2.8384E-13  2.1430E+01  0.0000E+00  8.1819E-01  2.1542E+01  0.0000E+00

"tbf
              1
 11.00000000  1.00000 -1.7939E-12  2.1479E+01  0.0000E+00  1.3926E+00  2.1599E+01  0.0000E+00

"tbf
              1
 11.00000000  1.00000 -2.5173E-12  2.1536E+01  0.0000E+00  2.1097E+00  2.1671E+01  0.0000E+00

"tbf
              1
 11.00000000  1.00000  1.0100E-12  2.1595E+01  0.0000E+00  2.9472E+00  2.1755E+01  0.0000E+00

"tbf
              1
 11.00000000  1.00000  1.4283E-12  2.1650E+01  0.0000E+00  3.8809E+00  2.1848E+01  0.0000E+00

"tbf
              1
 11.00000000  1.00000 -2.6194E-13  2.1696E+01  0.0000E+00  4.8866E+00  2.1949E+01  0.0000E+00

"tbf
              1
 11.00000000  1.00000  2.5509E-12  2.1728E+01  0.0000E+00  5.9408E+00  2.2054E+01  0.0000E+00

"tbf
              1
 11.00000000  1.00000  1.4621E-12  2.1744E+01  0.0000E+00  7.0223E+00  2.2162E+01  0.0000E+00

"tbf
              1
 11.00000000  1.00000  1.6547E-12  2.1742E+01  0.0000E+00  8.1124E+00  2.2271E+01  0.0000E+00

"tbf
              1
 11.00000000  1.00000 -3.6555E-13  2.1720E+01  0.0000E+00  9.1956E+00  2.2380E+01  0.0000E+00

"tbf
              1
 11.00000000  1.00000  2.9546E-13  2.1680E+01  0.0000E+00  1.0260E+01  2.2486E+01  0.0000E+00

"tbf
              1
 11.00000000  1.00000  1.1468E-12  2.1622E+01  0.0000E+00  1.1295E+01  2.2590E+01  0.0000E+00

"tbf
              1
 11.00000000  1.00000 -3.4670E-12  2.1547E+01  0.0000E+00  1.2294E+01  2.2690E+01  0.0000E+00

"tbf
              1
 11.00000000  1.00000 -1.4898E-12  2.1457E+01  0.0000E+00  1.3253E+01  2.2785E+01  0.0000E+00

"tbf
              1
 11.00000000  1.00000  1.4325E-12  2.1355E+01  0.0000E+00  1.4168E+01  2.2877E+01  0.0000E+00
