
"tbf
              1
  3.90000000  1.00000 -6.0866E-10  1.5172E+00  0.0000E+00  7.6465E-02  1.7112E+00  0.0000E+00

"tbf
              1
  3.90000000  1.00000 -1.4337E-09  1.5117E+00  0.0000E+00  8.1079E-02  1.7116E+00  0.0000E+00

"tbf
              1
  3.90000000  1.00000  1.4485E-09  1.5065E+00  0.0000E+00  8.5484E-02  1.7121E+00  0.0000E+00

"tbf
              1
  3.90000000  1.00000 -1.3938E-09  1.5014E+00  0.0000E+00  8.9926E-02  1.7125E+00  0.0000E+00

"tbf
              1
  3.90000000  1.00000  4.5461E-10  1.4962E+00  0.0000E+00  9.4428E-02  1.7130E+00  0.0000E+00

"tbf
              1
  3.90000000  1.00000 -5.7345E-10  1.4909E+00  0.0000E+00  9.8999E-02  1.7134E+00  0.0000E+00

"tbf
              1
  3.90000000  1.00000 -4.6118E-10  1.4856E+00  0.0000E+00  1.0364E-01  1.7139E+00  0.0000E+00

"tbf
              1
  3.90000000  1.00000  1.0276E-09  1.4802E+00  0.0000E+00  1.0835E-01  1.7144E+00  0.0000E+00

"tbf
              1
  3.90000000  1.00000 -4.7290E-10  1.4747E+00  0.0000E+00  1.1314E-01  1.7148E+00  0.0000E+00

"tbf
              1
  3.90000000  1.00000 -5.8335E-10  1.4692E+00  0.0000E+00  1.1799E-01  1.7153E+00  0.0000E+00

"tbf
              1
  3.90000000  1.00000  1.8078E-10  1.4636E+00  0.0000E+00  1.2292E-01  1.7158E+00  0.0000E+00

"tbf
              1
  3.90000000  1.00000  1.1922E-09  1.4580E+00  0.0000E+00  1.2791E-01  1.7163E+00  0.0000E+00

"tbf
              1
  3.90000000  1.00000  1.0901E-09  1.4523E+00  0.0000E+00  1.3296E-01  1.7168E+00  0.0000E+00

"tbf
              1
  3.90000000  1.00000  8.6991E-10  1.4465E+00  0.0000E+00  1.3808E-01  1.7173E+00  0.0000E+00

"tbf
              1
  3.90000000  1.00000  3.7217E-10  1.4407E+00  0.0000E+00  1.4326E-01  1.7179E+00  0.0000E+00

"tbf
              1
  3.90000000  1.00000  7.6477E-10  1.4349E+00  0.0000E+00  1.4850E-01  1.7184E+00  0.0000E+00

"tbf
              1
  3.90000000  1.00000 -1.2883E-09  1.4289E+00  0.0000E+00  1.5379E-01  1.7189E+00  0.0000E+00
