
"tbf
              1
  3.90000000  1.00000 -1.9522E-10  8.2875E-01  0.0000E+00  7.6442E-02  8.9943E-01  0.0000E+00

"tbf
              1
  3.90000000  1.00000  2.4322E-10  8.2789E-01  0.0000E+00  8.1057E-02  8.9989E-01  0.0000E+00

"tbf
              1
  3.90000000  1.00000  3.8428E-11  8.2714E-01  0.0000E+00  8.5462E-02  9.0033E-01  0.0000E+00

"tbf
              1
  3.90000000  1.00000 -1.3958E-09  8.2639E-01  0.0000E+00  8.9904E-02  9.0078E-01  0.0000E+00

"tbf
              1
  3.90000000  1.00000  2.4197E-10  8.2564E-01  0.0000E+00  9.4407E-02  9.0123E-01  0.0000E+00

"tbf
              1
  3.90000000  1.00000  9.6825E-11  8.2488E-01  0.0000E+00  9.8979E-02  9.0168E-01  0.0000E+00

"tbf
              1
  3.90000000  1.00000  1.1953E-10  8.2411E-01  0.0000E+00  1.0362E-01  9.0215E-01  0.0000E+00

"tbf
              1
  3.90000000  1.00000  3.3962E-10  8.2333E-01  0.0000E+00  1.0833E-01  9.0262E-01  0.0000E+00

"tbf
              1
  3.90000000  1.00000 -1.7062E-09  8.2254E-01  0.0000E+00  1.1312E-01  9.0310E-01  0.0000E+00

"tbf
              1
  3.90000000  1.00000  1.2016E-09  8.2173E-01  0.0000E+00  1.1797E-01  9.0358E-01  0.0000E+00

"tbf
              1
  3.90000000  1.00000 -4.8782E-10  8.2091E-01  0.0000E+00  1.2290E-01  9.0408E-01  0.0000E+00

"tbf
              1
  3.90000000  1.00000  1.2505E-09  8.2008E-01  0.0000E+00  1.2789E-01  9.0458E-01  0.0000E+00

"tbf
              1
  3.90000000  1.00000  2.4621E-10  8.1923E-01  0.0000E+00  1.3294E-01  9.0508E-01  0.0000E+00

"tbf
              1
  3.90000000  1.00000  1.9106E-09  8.1836E-01  0.0000E+00  1.3806E-01  9.0559E-01  0.0000E+00

"tbf
              1
  3.90000000  1.00000 -1.2284E-09  8.1748E-01  0.0000E+00  1.4324E-01  9.0611E-01  0.0000E+00

"tbf
              1
  3.90000000  1.00000 -9.6053E-10  8.1659E-01  0.0000E+00  1.4848E-01  9.0663E-01  0.0000E+00

"tbf
              1
  3.90000000  1.00000 -1.8720E-09  8.1568E-01  0.0000E+00  1.5378E-01  9.0716E-01  0.0000E+00
