
"tbf
              1
  3.90000000  1.00000  1.5271E-09  1.0179E+00  0.0000E+00  7.6448E-02  1.1224E+00  0.0000E+00

"tbf
              1
  3.90000000  1.00000 -7.2741E-10  1.0157E+00  0.0000E+00  8.1063E-02  1.1229E+00  0.0000E+00

"tbf
              1
  3.90000000  1.00000 -4.9345E-10  1.0138E+00  0.0000E+00  8.5468E-02  1.1233E+00  0.0000E+00

"tbf
              1
  3.90000000  1.00000 -3.2848E-09  1.0118E+00  0.0000E+00  8.9910E-02  1.1238E+00  0.0000E+00

"tbf
              1
  3.90000000  1.00000  7.3183E-10  1.0098E+00  0.0000E+00  9.4413E-02  1.1242E+00  0.0000E+00

"tbf
              1
  3.90000000  1.00000 -1.0930E-09  1.0078E+00  0.0000E+00  9.8984E-02  1.1247E+00  0.0000E+00

"tbf
              1
  3.90000000  1.00000  5.0141E-10  1.0058E+00  0.0000E+00  1.0363E-01  1.1251E+00  0.0000E+00

"tbf
              1
  3.90000000  1.00000  1.4442E-11  1.0038E+00  0.0000E+00  1.0834E-01  1.1256E+00  0.0000E+00

"tbf
              1
  3.90000000  1.00000 -6.1471E-10  1.0017E+00  0.0000E+00  1.1313E-01  1.1261E+00  0.0000E+00

"tbf
              1
  3.90000000  1.00000  7.2299E-11  9.9960E-01  0.0000E+00  1.1798E-01  1.1266E+00  0.0000E+00

"tbf
              1
  3.90000000  1.00000 -8.0450E-11  9.9747E-01  0.0000E+00  1.2290E-01  1.1271E+00  0.0000E+00

"tbf
              1
  3.90000000  1.00000  6.9349E-10  9.9532E-01  0.0000E+00  1.2789E-01  1.1276E+00  0.0000E+00

"tbf
              1
  3.90000000  1.00000  2.6808E-09  9.9314E-01  0.0000E+00  1.3295E-01  1.1281E+00  0.0000E+00

"tbf
              1
  3.90000000  1.00000  1.8730E-09  9.9093E-01  0.0000E+00  1.3807E-01  1.1286E+00  0.0000E+00

"tbf
              1
  3.90000000  1.00000 -9.5135E-10  9.8869E-01  0.0000E+00  1.4325E-01  1.1291E+00  0.0000E+00

"tbf
              1
  3.90000000  1.00000  4.3456E-11  9.8643E-01  0.0000E+00  1.4849E-01  1.1296E+00  0.0000E+00

"tbf
              1
  3.90000000  1.00000 -1.8005E-09  9.8414E-01  0.0000E+00  1.5378E-01  1.1302E+00  0.0000E+00
