
"tbf
              1
  3.90000000  1.00000  1.1930E-09  6.7265E-01  0.0000E+00  7.6437E-02  7.1538E-01  0.0000E+00

"tbf
              1
  3.90000000  1.00000 -9.6987E-10  6.7285E-01  0.0000E+00  8.1052E-02  7.1584E-01  0.0000E+00

"tbf
              1
  3.90000000  1.00000 -7.3408E-11  6.7309E-01  0.0000E+00  8.5457E-02  7.1628E-01  0.0000E+00

"tbf
              1
  3.90000000  1.00000 -7.6961E-10  6.7335E-01  0.0000E+00  8.9900E-02  7.1673E-01  0.0000E+00

"tbf
              1
  3.90000000  1.00000  1.3936E-09  6.7361E-01  0.0000E+00  9.4403E-02  7.1718E-01  0.0000E+00

"tbf
              1
  3.90000000  1.00000 -4.7638E-10  6.7387E-01  0.0000E+00  9.8974E-02  7.1764E-01  0.0000E+00

"tbf
              1
  3.90000000  1.00000 -1.1821E-10  6.7413E-01  0.0000E+00  1.0362E-01  7.1810E-01  0.0000E+00

"tbf
              1
  3.90000000  1.00000 -7.7960E-11  6.7440E-01  0.0000E+00  1.0833E-01  7.1857E-01  0.0000E+00

"tbf
              1
  3.90000000  1.00000 -1.0940E-09  6.7466E-01  0.0000E+00  1.1312E-01  7.1905E-01  0.0000E+00

"tbf
              1
  3.90000000  1.00000  4.9822E-10  6.7492E-01  0.0000E+00  1.1797E-01  7.1953E-01  0.0000E+00

"tbf
              1
  3.90000000  1.00000 -1.0641E-10  6.7518E-01  0.0000E+00  1.2289E-01  7.2003E-01  0.0000E+00

"tbf
              1
  3.90000000  1.00000  1.4112E-09  6.7544E-01  0.0000E+00  1.2788E-01  7.2053E-01  0.0000E+00

"tbf
              1
  3.90000000  1.00000  1.3246E-09  6.7569E-01  0.0000E+00  1.3294E-01  7.2103E-01  0.0000E+00

"tbf
              1
  3.90000000  1.00000  1.2353E-09  6.7594E-01  0.0000E+00  1.3806E-01  7.2154E-01  0.0000E+00

"tbf
              1
  3.90000000  1.00000 -7.7494E-10  6.7617E-01  0.0000E+00  1.4324E-01  7.2206E-01  0.0000E+00

"tbf
              1
  3.90000000  1.00000 -1.2368E-09  6.7641E-01  0.0000E+00  1.4848E-01  7.2259E-01  0.0000E+00

"tbf
              1
  3.90000000  1.00000 -8.7364E-10  6.7663E-01  0.0000E+00  1.5377E-01  7.2312E-01  0.0000E+00
