
"tbf
              1
  3.90000000  1.00000  2.5678E-09  5.4478E-01  0.0000E+00  7.6433E-02  5.6462E-01  0.0000E+00

"tbf
              1
  3.90000000  1.00000 -7.8788E-10  5.4585E-01  0.0000E+00  8.1048E-02  5.6508E-01  0.0000E+00

"tbf
              1
  3.90000000  1.00000  2.2694E-09  5.4691E-01  0.0000E+00  8.5453E-02  5.6552E-01  0.0000E+00

"tbf
              1
  3.90000000  1.00000 -1.3192E-09  5.4798E-01  0.0000E+00  8.9896E-02  5.6596E-01  0.0000E+00

"tbf
              1
  3.90000000  1.00000 -4.0170E-10  5.4907E-01  0.0000E+00  9.4399E-02  5.6641E-01  0.0000E+00

"tbf
              1
  3.90000000  1.00000 -1.0986E-09  5.5017E-01  0.0000E+00  9.8970E-02  5.6687E-01  0.0000E+00

"tbf
              1
  3.90000000  1.00000  5.9323E-10  5.5128E-01  0.0000E+00  1.0361E-01  5.6733E-01  0.0000E+00

"tbf
              1
  3.90000000  1.00000 -5.9629E-10  5.5240E-01  0.0000E+00  1.0833E-01  5.6780E-01  0.0000E+00

"tbf
              1
  3.90000000  1.00000 -1.8944E-10  5.5353E-01  0.0000E+00  1.1311E-01  5.6828E-01  0.0000E+00

"tbf
              1
  3.90000000  1.00000  1.2987E-09  5.5466E-01  0.0000E+00  1.1797E-01  5.6877E-01  0.0000E+00

"tbf
              1
  3.90000000  1.00000  1.7748E-09  5.5581E-01  0.0000E+00  1.2289E-01  5.6926E-01  0.0000E+00

"tbf
              1
  3.90000000  1.00000  5.2546E-10  5.5696E-01  0.0000E+00  1.2788E-01  5.6976E-01  0.0000E+00

"tbf
              1
  3.90000000  1.00000  9.7729E-10  5.5811E-01  0.0000E+00  1.3294E-01  5.7027E-01  0.0000E+00

"tbf
              1
  3.90000000  1.00000  8.1502E-10  5.5926E-01  0.0000E+00  1.3806E-01  5.7078E-01  0.0000E+00

"tbf
              1
  3.90000000  1.00000 -7.9778E-10  5.6042E-01  0.0000E+00  1.4324E-01  5.7130E-01  0.0000E+00

"tbf
              1
  3.90000000  1.00000  6.3984E-11  5.6157E-01  0.0000E+00  1.4848E-01  5.7182E-01  0.0000E+00

"tbf
              1
  3.90000000  1.00000 -9.6772E-10  5.6273E-01  0.0000E+00  1.5377E-01  5.7235E-01  0.0000E+00
