
"tbf
              1
  3.90000000  1.00000  2.4337E-09  4.4087E-01  0.0000E+00  7.6430E-02  4.4209E-01  0.0000E+00

"tbf
              1
  3.90000000  1.00000  3.3601E-10  4.4264E-01  0.0000E+00  8.1044E-02  4.4256E-01  0.0000E+00

"tbf
              1
  3.90000000  1.00000  1.2215E-10  4.4436E-01  0.0000E+00  8.5450E-02  4.4300E-01  0.0000E+00

"tbf
              1
  3.90000000  1.00000 -9.1197E-10  4.4610E-01  0.0000E+00  8.9892E-02  4.4344E-01  0.0000E+00

"tbf
              1
  3.90000000  1.00000  5.5032E-10  4.4786E-01  0.0000E+00  9.4396E-02  4.4389E-01  0.0000E+00

"tbf
              1
  3.90000000  1.00000 -2.2274E-10  4.4964E-01  0.0000E+00  9.8967E-02  4.4435E-01  0.0000E+00

"tbf
              1
  3.90000000  1.00000  1.3518E-09  4.5144E-01  0.0000E+00  1.0361E-01  4.4481E-01  0.0000E+00

"tbf
              1
  3.90000000  1.00000 -1.2200E-10  4.5325E-01  0.0000E+00  1.0832E-01  4.4528E-01  0.0000E+00

"tbf
              1
  3.90000000  1.00000 -1.3519E-09  4.5509E-01  0.0000E+00  1.1311E-01  4.4576E-01  0.0000E+00

"tbf
              1
  3.90000000  1.00000 -2.3411E-10  4.5693E-01  0.0000E+00  1.1796E-01  4.4625E-01  0.0000E+00

"tbf
              1
  3.90000000  1.00000  1.0516E-09  4.5880E-01  0.0000E+00  1.2289E-01  4.4674E-01  0.0000E+00

"tbf
              1
  3.90000000  1.00000  6.6119E-10  4.6067E-01  0.0000E+00  1.2788E-01  4.4724E-01  0.0000E+00

"tbf
              1
  3.90000000  1.00000  1.1898E-09  4.6255E-01  0.0000E+00  1.3293E-01  4.4774E-01  0.0000E+00

"tbf
              1
  3.90000000  1.00000  1.4899E-09  4.6445E-01  0.0000E+00  1.3805E-01  4.4826E-01  0.0000E+00

"tbf
              1
  3.90000000  1.00000 -2.0959E-10  4.6635E-01  0.0000E+00  1.4323E-01  4.4877E-01  0.0000E+00

"tbf
              1
  3.90000000  1.00000  8.6655E-11  4.6826E-01  0.0000E+00  1.4847E-01  4.4930E-01  0.0000E+00

"tbf
              1
  3.90000000  1.00000 -6.0654E-10  4.7017E-01  0.0000E+00  1.5377E-01  4.4983E-01  0.0000E+00
