
"tbf
              1
  3.90000000  1.00000  2.1514E-09  1.2454E+00  0.0000E+00  7.6456E-02  1.3907E+00  0.0000E+00

"tbf
              1
  3.90000000  1.00000 -1.4140E-10  1.2417E+00  0.0000E+00  8.1070E-02  1.3911E+00  0.0000E+00

"tbf
              1
  3.90000000  1.00000  1.7866E-09  1.2383E+00  0.0000E+00  8.5475E-02  1.3916E+00  0.0000E+00

"tbf
              1
  3.90000000  1.00000 -8.1130E-10  1.2349E+00  0.0000E+00  8.9917E-02  1.3920E+00  0.0000E+00

"tbf
              1
  3.90000000  1.00000 -3.0166E-10  1.2314E+00  0.0000E+00  9.4420E-02  1.3925E+00  0.0000E+00

"tbf
              1
  3.90000000  1.00000 -1.8078E-09  1.2279E+00  0.0000E+00  9.8991E-02  1.3929E+00  0.0000E+00

"tbf
              1
  3.90000000  1.00000 -6.0668E-11  1.2244E+00  0.0000E+00  1.0363E-01  1.3934E+00  0.0000E+00

"tbf
              1
  3.90000000  1.00000  1.8753E-09  1.2208E+00  0.0000E+00  1.0835E-01  1.3939E+00  0.0000E+00

"tbf
              1
  3.90000000  1.00000  4.1937E-10  1.2172E+00  0.0000E+00  1.1313E-01  1.3943E+00  0.0000E+00

"tbf
              1
  3.90000000  1.00000  1.5166E-09  1.2136E+00  0.0000E+00  1.1799E-01  1.3948E+00  0.0000E+00

"tbf
              1
  3.90000000  1.00000 -1.0088E-09  1.2099E+00  0.0000E+00  1.2291E-01  1.3953E+00  0.0000E+00

"tbf
              1
  3.90000000  1.00000  1.1640E-09  1.2061E+00  0.0000E+00  1.2790E-01  1.3958E+00  0.0000E+00

"tbf
              1
  3.90000000  1.00000  1.7736E-09  1.2023E+00  0.0000E+00  1.3296E-01  1.3963E+00  0.0000E+00

"tbf
              1
  3.90000000  1.00000  1.9817E-09  1.1985E+00  0.0000E+00  1.3807E-01  1.3968E+00  0.0000E+00

"tbf
              1
  3.90000000  1.00000 -5.8507E-10  1.1946E+00  0.0000E+00  1.4325E-01  1.3973E+00  0.0000E+00

"tbf
              1
  3.90000000  1.00000  1.2814E-09  1.1907E+00  0.0000E+00  1.4849E-01  1.3979E+00  0.0000E+00

"tbf
              1
  3.90000000  1.00000 -2.3883E-09  1.1868E+00  0.0000E+00  1.5379E-01  1.3984E+00  0.0000E+00
