
"tbf
              1
 11.00000000  1.00000  1.5382E-14  2.5559E+01  0.0000E+00  3.4944E-01  2.5830E+01  0.0000E+00

"tbf
              1
 11.00000000  1.00000  2.7674E-12  2.5623E+01  0.0000E+00  4.0539E-01  2.5830E+01  0.0000E+00

"tbf
              1
 11.00000000  1.00000 -8.4653E-14  2.5537E+01  0.0000E+00  8.1819E-01  2.5830E+01  0.0000E+00

"tbf
              1
 11.00000000  1.00000 -9.9329E-13  2.5420E+01  0.0000E+00  1.3926E+00  2.5830E+01  0.0000E+00

"tbf
              1
 11.00000000  1.00000 -1.4818E-12  2.5275E+01  0.0000E+00  2.1097E+00  2.5830E+01  0.0000E+00

"tbf
              1
 11.00000000  1.00000  5.0226E-12  2.5104E+01  0.0000E+00  2.9472E+00  2.5830E+01  0.0000E+00

"tbf
              1
 11.00000000  1.00000  2.7617E-12  2.4912E+01  0.0000E+00  3.8809E+00  2.5830E+01  0.0000E+00

"tbf
              1
 11.00000000  1.00000  2.0339E-13  2.4701E+01  0.0000E+00  4.8866E+00  2.5830E+01  0.0000E+00

"tbf
              1
 11.00000000  1.00000  6.5590E-13  2.4475E+01  0.0000E+00  5.9408E+00  2.5830E+01  0.0000E+00

"tbf
              1
 11.00000000  1.00000  1.0094E-12  2.4237E+01  0.0000E+00  7.0223E+00  2.5830E+01  0.0000E+00

"tbf
              1
 11.00000000  1.00000 -6.2066E-13  2.3990E+01  0.0000E+00  8.1124E+00  2.5830E+01  0.0000E+00

"tbf
              1
 11.00000000  1.00000 -8.4679E-13  2.3737E+01  0.0000E+00  9.1956E+00  2.5830E+01  0.0000E+00

"tbf
              1
 11.00000000  1.00000  1.5097E-13  2.3480E+01  0.0000E+00  1.0260E+01  2.5830E+01  0.0000E+00

"tbf
              1
 11.00000000  1.00000 -5.1166E-13  2.3222E+01  0.0000E+00  1.1295E+01  2.5830E+01  0.0000E+00

"tbf
              1
 11.00000000  1.00000  2.4331E-13  2.2964E+01  0.0000E+00  1.2294E+01  2.5830E+01  0.0000E+00

"tbf
              1
 11.00000000  1.00000  9.6565E-15  2.2708E+01  0.0000E+00  1.3253E+01  2.5830E+01  0.0000E+00

"tbf
              1
 11.00000000  1.00000 -2.6690E-13  2.2455E+01  0.0000E+00  1.4168E+01  2.5830E+01  0.0000E+00
