
"tbf
              1
 11.00000000  1.00000  1.9917E-12  2.4812E+01  0.0000E+00  3.4997E-01  2.5065E+01  0.0000E+00

"tbf
              1
 11.00000000  1.00000  4.7725E-12  2.4877E+01  0.0000E+00  4.0606E-01  2.5065E+01  0.0000E+00

"tbf
              1
 11.00000000  1.00000  1.2178E-11  2.4806E+01  0.0000E+00  8.1878E-01  2.5065E+01  0.0000E+00

"tbf
              1
 11.00000000  1.00000 -8.4100E-12  2.4712E+01  0.0000E+00  1.3929E+00  2.5065E+01  0.0000E+00

"tbf
              1
 11.00000000  1.00000  1.8526E-11  2.4596E+01  0.0000E+00  2.1095E+00  2.5065E+01  0.0000E+00

"tbf
              1
 11.00000000  1.00000 -1.5648E-11  2.4458E+01  0.0000E+00  2.9465E+00  2.5065E+01  0.0000E+00

"tbf
              1
 11.00000000  1.00000 -4.5159E-12  2.4302E+01  0.0000E+00  3.8799E+00  2.5065E+01  0.0000E+00

"tbf
              1
 11.00000000  1.00000 -1.4674E-11  2.4131E+01  0.0000E+00  4.8854E+00  2.5065E+01  0.0000E+00

"tbf
              1
 11.00000000  1.00000 -1.9201E-11  2.3945E+01  0.0000E+00  5.9397E+00  2.5065E+01  0.0000E+00

"tbf
              1
 11.00000000  1.00000 -1.8294E-11  2.3749E+01  0.0000E+00  7.0215E+00  2.5065E+01  0.0000E+00

"tbf
              1
 11.00000000  1.00000  1.6077E-11  2.3544E+01  0.0000E+00  8.1124E+00  2.5065E+01  0.0000E+00

"tbf
              1
 11.00000000  1.00000 -5.3278E-12  2.3332E+01  0.0000E+00  9.1967E+00  2.5065E+01  0.0000E+00

"tbf
              1
 11.00000000  1.00000  7.8324E-12  2.3116E+01  0.0000E+00  1.0262E+01  2.5065E+01  0.0000E+00

"tbf
              1
 11.00000000  1.00000 -1.8516E-11  2.2897E+01  0.0000E+00  1.1299E+01  2.5065E+01  0.0000E+00

"tbf
              1
 11.00000000  1.00000 -1.0277E-11  2.2676E+01  0.0000E+00  1.2300E+01  2.5065E+01  0.0000E+00

"tbf
              1
 11.00000000  1.00000 -7.0314E-12  2.2456E+01  0.0000E+00  1.3261E+01  2.5065E+01  0.0000E+00

"tbf
              1
 11.00000000  1.00000 -4.9865E-12  2.2236E+01  0.0000E+00  1.4178E+01  2.5065E+01  0.0000E+00
