
"tbf
              1
 11.00000000  1.00000  7.0072E-14  2.7586E+01  0.0000E+00  3.4944E-01  2.7907E+01  0.0000E+00

"tbf
              1
 11.00000000  1.00000 -1.1434E-12  2.7651E+01  0.0000E+00  4.0539E-01  2.7907E+01  0.0000E+00

"tbf
              1
 11.00000000  1.00000 -1.1204E-12  2.7525E+01  0.0000E+00  8.1819E-01  2.7907E+01  0.0000E+00

"tbf
              1
 11.00000000  1.00000  7.8890E-13  2.7353E+01  0.0000E+00  1.3926E+00  2.7907E+01  0.0000E+00

"tbf
              1
 11.00000000  1.00000 -1.0835E-12  2.7140E+01  0.0000E+00  2.1097E+00  2.7907E+01  0.0000E+00

"tbf
              1
 11.00000000  1.00000  3.5029E-12  2.6891E+01  0.0000E+00  2.9472E+00  2.7907E+01  0.0000E+00

"tbf
              1
 11.00000000  1.00000  1.4265E-13  2.6612E+01  0.0000E+00  3.8809E+00  2.7907E+01  0.0000E+00

"tbf
              1
 11.00000000  1.00000  1.6377E-12  2.6307E+01  0.0000E+00  4.8866E+00  2.7907E+01  0.0000E+00

"tbf
              1
 11.00000000  1.00000  4.8640E-13  2.5983E+01  0.0000E+00  5.9408E+00  2.7907E+01  0.0000E+00

"tbf
              1
 11.00000000  1.00000 -1.7810E-12  2.5646E+01  0.0000E+00  7.0223E+00  2.7907E+01  0.0000E+00

"tbf
              1
 11.00000000  1.00000  6.0181E-13  2.5300E+01  0.0000E+00  8.1124E+00  2.7907E+01  0.0000E+00

"tbf
              1
 11.00000000  1.00000  1.6486E-12  2.4949E+01  0.0000E+00  9.1956E+00  2.7907E+01  0.0000E+00

"tbf
              1
 11.00000000  1.00000 -1.1575E-12  2.4597E+01  0.0000E+00  1.0260E+01  2.7907E+01  0.0000E+00

"tbf
              1
 11.00000000  1.00000  1.9148E-12  2.4247E+01  0.0000E+00  1.1295E+01  2.7907E+01  0.0000E+00

"tbf
              1
 11.00000000  1.00000  1.6785E-12  2.3900E+01  0.0000E+00  1.2294E+01  2.7907E+01  0.0000E+00

"tbf
              1
 11.00000000  1.00000 -1.1368E-12  2.3560E+01  0.0000E+00  1.3253E+01  2.7907E+01  0.0000E+00

"tbf
              1
 11.00000000  1.00000  9.0904E-13  2.3227E+01  0.0000E+00  1.4168E+01  2.7907E+01  0.0000E+00
