
"tbf
              1
  3.90000000  1.00000  4.0481E-10  5.9115E-01  0.0000E+00  7.6435E-02  6.1886E-01  0.0000E+00

"tbf
              1
  3.90000000  1.00000 -1.9790E-09  5.9152E-01  0.0000E+00  8.1049E-02  6.1886E-01  0.0000E+00

"tbf
              1
  3.90000000  1.00000  4.5328E-10  5.9193E-01  0.0000E+00  8.5455E-02  6.1886E-01  0.0000E+00

"tbf
              1
  3.90000000  1.00000 -1.9444E-09  5.9234E-01  0.0000E+00  8.9897E-02  6.1886E-01  0.0000E+00

"tbf
              1
  3.90000000  1.00000 -1.1193E-09  5.9277E-01  0.0000E+00  9.4400E-02  6.1886E-01  0.0000E+00

"tbf
              1
  3.90000000  1.00000 -1.2901E-09  5.9320E-01  0.0000E+00  9.8971E-02  6.1886E-01  0.0000E+00

"tbf
              1
  3.90000000  1.00000  1.0546E-09  5.9364E-01  0.0000E+00  1.0361E-01  6.1886E-01  0.0000E+00

"tbf
              1
  3.90000000  1.00000  9.7624E-10  5.9408E-01  0.0000E+00  1.0833E-01  6.1886E-01  0.0000E+00

"tbf
              1
  3.90000000  1.00000  3.6564E-10  5.9454E-01  0.0000E+00  1.1311E-01  6.1886E-01  0.0000E+00

"tbf
              1
  3.90000000  1.00000  1.2189E-10  5.9499E-01  0.0000E+00  1.1797E-01  6.1886E-01  0.0000E+00

"tbf
              1
  3.90000000  1.00000 -7.4271E-10  5.9545E-01  0.0000E+00  1.2289E-01  6.1886E-01  0.0000E+00

"tbf
              1
  3.90000000  1.00000  2.4181E-09  5.9591E-01  0.0000E+00  1.2788E-01  6.1886E-01  0.0000E+00

"tbf
              1
  3.90000000  1.00000  2.6303E-10  5.9637E-01  0.0000E+00  1.3294E-01  6.1886E-01  0.0000E+00

"tbf
              1
  3.90000000  1.00000  2.4950E-09  5.9684E-01  0.0000E+00  1.3806E-01  6.1886E-01  0.0000E+00

"tbf
              1
  3.90000000  1.00000 -3.6552E-10  5.9730E-01  0.0000E+00  1.4324E-01  6.1886E-01  0.0000E+00

"tbf
              1
  3.90000000  1.00000  3.9047E-10  5.9776E-01  0.0000E+00  1.4848E-01  6.1886E-01  0.0000E+00

"tbf
              1
  3.90000000  1.00000 -2.1189E-09  5.9822E-01  0.0000E+00  1.5377E-01  6.1886E-01  0.0000E+00
