
"fzw
             60


  3.90000000

  1.000E+02  8.000E+01  6.435E+01  5.213E+01  4.263E+01  3.527E+01  2.957E+01  2.517E+01  2.177E+01  1.915E+01
  1.712E+01  1.554E+01  1.431E+01  1.334E+01  1.256E+01  1.193E+01  1.140E+01  1.095E+01  1.056E+01  1.021E+01
  9.894E+00  9.597E+00  9.314E+00  9.042E+00  8.777E+00  8.517E+00  8.261E+00  8.007E+00  7.754E+00  7.503E+00
  7.251E+00  7.001E+00  6.750E+00  6.500E+00  6.250E+00  6.000E+00  5.750E+00  5.500E+00  5.250E+00  5.000E+00
  4.750E+00  4.500E+00  4.250E+00  4.000E+00  3.750E+00  3.500E+00  3.250E+00  3.000E+00  2.750E+00  2.500E+00
  2.250E+00  2.000E+00  1.750E+00  1.500E+00  1.250E+00  1.000E+00  7.500E-01  5.000E-01  2.500E-01  0.000E+00

  0.000E+00  0.000E+00  0.000E+00  0.000E+00  0.000E+00  0.000E+00  0.000E+00  0.000E+00  0.000E+00  0.000E+00
  0.000E+00  0.000E+00  0.000E+00  0.000E+00  0.000E+00  0.000E+00  0.000E+00  0.000E+00  0.000E+00  0.000E+00
  0.000E+00  0.000E+00  0.000E+00  0.000E+00  0.000E+00  0.000E+00  0.000E+00  0.000E+00  0.000E+00  0.000E+00
  0.000E+00  0.000E+00  0.000E+00  0.000E+00  0.000E+00  0.000E+00  0.000E+00  0.000E+00  0.000E+00  0.000E+00
  0.000E+00  0.000E+00  0.000E+00  0.000E+00  0.000E+00  0.000E+00  0.000E+00  0.000E+00  0.000E+00  0.000E+00
  0.000E+00  0.000E+00  0.000E+00  0.000E+00  0.000E+00  0.000E+00  0.000E+00  0.000E+00  0.000E+00  0.000E+00

 -3.989E-12  5.609E-12  1.017E-11  2.202E-10  1.300E-09  2.927E-09  4.378E-09  6.286E-09  9.027E-09  1.272E-08
  1.759E-08  2.368E-08  3.067E-08  3.819E-08  4.594E-08  5.371E-08  6.141E-08  6.914E-08  7.759E-08  8.749E-08
  9.906E-08  1.126E-07  1.286E-07  1.475E-07  1.699E-07  1.967E-07  2.288E-07  2.673E-07  3.133E-07  3.679E-07
  4.328E-07  5.098E-07  6.014E-07  7.104E-07  8.401E-07  9.947E-07  1.178E-06  1.396E-06  1.654E-06  1.961E-06
  2.325E-06  2.758E-06  3.274E-06  3.889E-06  4.619E-06  5.486E-06  6.516E-06  7.741E-06  9.195E-06  1.092E-05
  1.297E-05  1.540E-05  1.828E-05  2.164E-05  2.559E-05  3.021E-05  3.561E-05  4.190E-05  4.921E-05  5.773E-05

 -3.989E-12  5.609E-12  1.017E-11  2.202E-10  1.300E-09  2.927E-09  4.378E-09  6.286E-09  9.027E-09  1.272E-08
  1.759E-08  2.368E-08  3.067E-08  3.819E-08  4.594E-08  5.371E-08  6.141E-08  6.914E-08  7.759E-08  8.749E-08
  9.906E-08  1.126E-07  1.286E-07  1.475E-07  1.699E-07  1.967E-07  2.288E-07  2.673E-07  3.133E-07  3.679E-07
  4.328E-07  5.098E-07  6.014E-07  7.104E-07  8.401E-07  9.947E-07  1.178E-06  1.396E-06  1.654E-06  1.961E-06
  2.325E-06  2.758E-06  3.274E-06  3.889E-06  4.619E-06  5.486E-06  6.516E-06  7.741E-06  9.195E-06  1.092E-05
  1.297E-05  1.540E-05  1.828E-05  2.164E-05  2.559E-05  3.021E-05  3.561E-05  4.190E-05  4.921E-05  5.773E-05

  1.086E-03  1.086E-03  1.086E-03  1.086E-03  1.086E-03  1.086E-03  1.086E-03  1.086E-03  1.086E-03  1.086E-03
  1.086E-03  1.087E-03  1.087E-03  1.087E-03  1.088E-03  1.088E-03  1.089E-03  1.089E-03  1.090E-03  1.090E-03
  1.090E-03  1.091E-03  1.091E-03  1.092E-03  1.092E-03  1.093E-03  1.093E-03  1.094E-03  1.095E-03  1.095E-03
  1.096E-03  1.097E-03  1.098E-03  1.098E-03  1.099E-03  1.100E-03  1.101E-03  1.103E-03  1.104E-03  1.105E-03
  1.106E-03  1.108E-03  1.109E-03  1.111E-03  1.112E-03  1.114E-03  1.116E-03  1.118E-03  1.120E-03  1.122E-03
  1.124E-03  1.127E-03  1.129E-03  1.131E-03  1.133E-03  1.135E-03  1.136E-03  1.138E-03  1.139E-03  1.139E-03
