
"fzw
             60


 11.00000000

  1.000E+02  8.000E+01  6.435E+01  5.213E+01  4.263E+01  3.527E+01  2.957E+01  2.517E+01  2.177E+01  1.915E+01
  1.712E+01  1.554E+01  1.431E+01  1.334E+01  1.256E+01  1.193E+01  1.140E+01  1.095E+01  1.056E+01  1.021E+01
  9.894E+00  9.597E+00  9.314E+00  9.042E+00  8.777E+00  8.517E+00  8.261E+00  8.007E+00  7.754E+00  7.503E+00
  7.251E+00  7.001E+00  6.750E+00  6.500E+00  6.250E+00  6.000E+00  5.750E+00  5.500E+00  5.250E+00  5.000E+00
  4.750E+00  4.500E+00  4.250E+00  4.000E+00  3.750E+00  3.500E+00  3.250E+00  3.000E+00  2.750E+00  2.500E+00
  2.250E+00  2.000E+00  1.750E+00  1.500E+00  1.250E+00  1.000E+00  7.500E-01  5.000E-01  2.500E-01  0.000E+00

  0.000E+00  0.000E+00  0.000E+00  0.000E+00  0.000E+00  0.000E+00  0.000E+00  0.000E+00  0.000E+00  0.000E+00
  0.000E+00  0.000E+00  0.000E+00  0.000E+00  0.000E+00  0.000E+00  0.000E+00  0.000E+00  0.000E+00  0.000E+00
  0.000E+00  0.000E+00  0.000E+00  0.000E+00  0.000E+00  0.000E+00  0.000E+00  0.000E+00  0.000E+00  0.000E+00
  0.000E+00  0.000E+00  0.000E+00  0.000E+00  0.000E+00  0.000E+00  0.000E+00  0.000E+00  0.000E+00  0.000E+00
  0.000E+00  0.000E+00  0.000E+00  0.000E+00  0.000E+00  0.000E+00  0.000E+00  0.000E+00  0.000E+00  0.000E+00
  0.000E+00  0.000E+00  0.000E+00  0.000E+00  0.000E+00  0.000E+00  0.000E+00  0.000E+00  0.000E+00  0.000E+00

  9.256E-13  1.143E-10  4.303E-10  4.323E-09  5.624E-08  5.330E-07  2.523E-06  7.238E-06  1.409E-05  2.020E-05
  2.375E-05  2.544E-05  2.640E-05  2.712E-05  2.773E-05  2.827E-05  2.876E-05  2.921E-05  2.965E-05  3.011E-05
  3.059E-05  3.111E-05  3.168E-05  3.232E-05  3.304E-05  3.387E-05  3.484E-05  3.600E-05  3.738E-05  3.899E-05
  4.089E-05  4.315E-05  4.586E-05  4.915E-05  5.315E-05  5.809E-05  6.416E-05  7.161E-05  8.081E-05  9.223E-05
  1.065E-04  1.246E-04  1.475E-04  1.763E-04  2.124E-04  2.570E-04  3.125E-04  3.812E-04  4.663E-04  5.713E-04
  7.006E-04  8.597E-04  1.051E-03  1.274E-03  1.536E-03  1.840E-03  2.191E-03  2.591E-03  3.047E-03  3.562E-03

  9.256E-13  1.143E-10  4.303E-10  4.323E-09  5.624E-08  5.330E-07  2.523E-06  7.238E-06  1.409E-05  2.020E-05
  2.375E-05  2.544E-05  2.640E-05  2.712E-05  2.773E-05  2.827E-05  2.876E-05  2.921E-05  2.965E-05  3.011E-05
  3.059E-05  3.111E-05  3.168E-05  3.232E-05  3.304E-05  3.387E-05  3.484E-05  3.600E-05  3.738E-05  3.899E-05
  4.089E-05  4.315E-05  4.586E-05  4.915E-05  5.315E-05  5.809E-05  6.416E-05  7.161E-05  8.081E-05  9.223E-05
  1.065E-04  1.246E-04  1.475E-04  1.763E-04  2.124E-04  2.570E-04  3.125E-04  3.812E-04  4.663E-04  5.713E-04
  7.006E-04  8.597E-04  1.051E-03  1.274E-03  1.536E-03  1.840E-03  2.191E-03  2.591E-03  3.047E-03  3.562E-03

  2.436E-02  2.436E-02  2.436E-02  2.436E-02  2.436E-02  2.436E-02  2.436E-02  2.438E-02  2.440E-02  2.442E-02
  2.443E-02  2.443E-02  2.444E-02  2.444E-02  2.444E-02  2.444E-02  2.445E-02  2.445E-02  2.445E-02  2.445E-02
  2.445E-02  2.445E-02  2.445E-02  2.446E-02  2.446E-02  2.446E-02  2.446E-02  2.446E-02  2.446E-02  2.447E-02
  2.447E-02  2.447E-02  2.448E-02  2.448E-02  2.448E-02  2.449E-02  2.449E-02  2.450E-02  2.451E-02  2.452E-02
  2.453E-02  2.454E-02  2.455E-02  2.457E-02  2.459E-02  2.461E-02  2.463E-02  2.466E-02  2.469E-02  2.472E-02
  2.476E-02  2.480E-02  2.484E-02  2.488E-02  2.493E-02  2.497E-02  2.500E-02  2.504E-02  2.506E-02  2.506E-02
