
"tbf
              1
 11.00000000  1.00000  1.6410E-13  6.8721E-01  0.0000E+00  3.4943E-01  3.4943E-01  0.0000E+00

"tbf
              1
 11.00000000  1.00000  1.0884E-12  7.8688E-01  0.0000E+00  4.0537E-01  4.0537E-01  0.0000E+00

"tbf
              1
 11.00000000  1.00000  1.1928E-12  1.5757E+00  0.0000E+00  8.1818E-01  8.1818E-01  0.0000E+00

"tbf
              1
 11.00000000  1.00000 -1.5183E-12  2.6470E+00  0.0000E+00  1.3926E+00  1.3926E+00  0.0000E+00

"tbf
              1
 11.00000000  1.00000 -5.1775E-13  3.9397E+00  0.0000E+00  2.1097E+00  2.1097E+00  0.0000E+00

"tbf
              1
 11.00000000  1.00000  1.1363E-12  5.3859E+00  0.0000E+00  2.9472E+00  2.9472E+00  0.0000E+00

"tbf
              1
 11.00000000  1.00000  1.0347E-12  6.9173E+00  0.0000E+00  3.8809E+00  3.8809E+00  0.0000E+00

"tbf
              1
 11.00000000  1.00000  3.4762E-13  8.4707E+00  0.0000E+00  4.8866E+00  4.8866E+00  0.0000E+00

"tbf
              1
 11.00000000  1.00000  6.9596E-13  9.9921E+00  0.0000E+00  5.9408E+00  5.9408E+00  0.0000E+00

"tbf
              1
 11.00000000  1.00000  2.6383E-12  1.1439E+01  0.0000E+00  7.0223E+00  7.0223E+00  0.0000E+00

"tbf
              1
 11.00000000  1.00000 -2.0077E-13  1.2781E+01  0.0000E+00  8.1124E+00  8.1124E+00  0.0000E+00

"tbf
              1
 11.00000000  1.00000  3.6433E-13  1.3998E+01  0.0000E+00  9.1956E+00  9.1956E+00  0.0000E+00

"tbf
              1
 11.00000000  1.00000 -2.2714E-12  1.5081E+01  0.0000E+00  1.0260E+01  1.0260E+01  0.0000E+00

"tbf
              1
 11.00000000  1.00000  2.7828E-12  1.6028E+01  0.0000E+00  1.1295E+01  1.1295E+01  0.0000E+00

"tbf
              1
 11.00000000  1.00000  4.9149E-13  1.6842E+01  0.0000E+00  1.2294E+01  1.2294E+01  0.0000E+00

"tbf
              1
 11.00000000  1.00000 -1.4132E-12  1.7530E+01  0.0000E+00  1.3253E+01  1.3253E+01  0.0000E+00

"tbf
              1
 11.00000000  1.00000 -1.4902E-12  1.8101E+01  0.0000E+00  1.4168E+01  1.4168E+01  0.0000E+00
