
"tbf
              1
  3.90000000  1.00000 -1.7415E-10  1.2743E-01  0.0000E+00  7.6419E-02  7.6419E-02  0.0000E+00

"tbf
              1
  3.90000000  1.00000  1.4899E-10  1.3473E-01  0.0000E+00  8.1034E-02  8.1034E-02  0.0000E+00

"tbf
              1
  3.90000000  1.00000 -8.9691E-12  1.4172E-01  0.0000E+00  8.5440E-02  8.5440E-02  0.0000E+00

"tbf
              1
  3.90000000  1.00000 -2.6890E-09  1.4872E-01  0.0000E+00  8.9883E-02  8.9883E-02  0.0000E+00

"tbf
              1
  3.90000000  1.00000  1.2023E-09  1.5576E-01  0.0000E+00  9.4386E-02  9.4386E-02  0.0000E+00

"tbf
              1
  3.90000000  1.00000 -4.0332E-10  1.6286E-01  0.0000E+00  9.8958E-02  9.8958E-02  0.0000E+00

"tbf
              1
  3.90000000  1.00000  5.9745E-10  1.7000E-01  0.0000E+00  1.0360E-01  1.0360E-01  0.0000E+00

"tbf
              1
  3.90000000  1.00000  9.2474E-10  1.7720E-01  0.0000E+00  1.0831E-01  1.0831E-01  0.0000E+00

"tbf
              1
  3.90000000  1.00000 -2.2674E-09  1.8443E-01  0.0000E+00  1.1310E-01  1.1310E-01  0.0000E+00

"tbf
              1
  3.90000000  1.00000  1.7423E-10  1.9171E-01  0.0000E+00  1.1796E-01  1.1796E-01  0.0000E+00

"tbf
              1
  3.90000000  1.00000 -2.8990E-10  1.9902E-01  0.0000E+00  1.2288E-01  1.2288E-01  0.0000E+00

"tbf
              1
  3.90000000  1.00000 -5.1951E-11  2.0635E-01  0.0000E+00  1.2787E-01  1.2787E-01  0.0000E+00

"tbf
              1
  3.90000000  1.00000  2.4266E-10  2.1371E-01  0.0000E+00  1.3293E-01  1.3293E-01  0.0000E+00

"tbf
              1
  3.90000000  1.00000  2.3319E-09  2.2109E-01  0.0000E+00  1.3805E-01  1.3805E-01  0.0000E+00

"tbf
              1
  3.90000000  1.00000 -2.2262E-10  2.2848E-01  0.0000E+00  1.4323E-01  1.4323E-01  0.0000E+00

"tbf
              1
  3.90000000  1.00000  6.8806E-10  2.3587E-01  0.0000E+00  1.4847E-01  1.4847E-01  0.0000E+00

"tbf
              1
  3.90000000  1.00000 -2.2081E-10  2.4326E-01  0.0000E+00  1.5376E-01  1.5376E-01  0.0000E+00
