
"tbf
              1
 11.00000000  1.00000  1.8666E-13  1.8341E+01  0.0000E+00  3.4944E-01  1.8436E+01  0.0000E+00

"tbf
              1
 11.00000000  1.00000  2.7080E-13  1.8403E+01  0.0000E+00  4.0538E-01  1.8436E+01  0.0000E+00

"tbf
              1
 11.00000000  1.00000 -2.6333E-12  1.8457E+01  0.0000E+00  8.1819E-01  1.8436E+01  0.0000E+00

"tbf
              1
 11.00000000  1.00000 -2.7567E-12  1.8535E+01  0.0000E+00  1.3926E+00  1.8436E+01  0.0000E+00

"tbf
              1
 11.00000000  1.00000  2.8797E-13  1.8631E+01  0.0000E+00  2.1097E+00  1.8436E+01  0.0000E+00

"tbf
              1
 11.00000000  1.00000  3.1762E-12  1.8742E+01  0.0000E+00  2.9472E+00  1.8436E+01  0.0000E+00

"tbf
              1
 11.00000000  1.00000  7.3184E-13  1.8860E+01  0.0000E+00  3.8809E+00  1.8436E+01  0.0000E+00

"tbf
              1
 11.00000000  1.00000 -7.9518E-13  1.8982E+01  0.0000E+00  4.8866E+00  1.8436E+01  0.0000E+00

"tbf
              1
 11.00000000  1.00000  8.3799E-13  1.9103E+01  0.0000E+00  5.9408E+00  1.8436E+01  0.0000E+00

"tbf
              1
 11.00000000  1.00000  2.6443E-13  1.9218E+01  0.0000E+00  7.0223E+00  1.8436E+01  0.0000E+00

"tbf
              1
 11.00000000  1.00000  3.5622E-15  1.9325E+01  0.0000E+00  8.1124E+00  1.8436E+01  0.0000E+00

"tbf
              1
 11.00000000  1.00000  2.0179E-12  1.9421E+01  0.0000E+00  9.1956E+00  1.8436E+01  0.0000E+00

"tbf
              1
 11.00000000  1.00000 -8.4353E-13  1.9505E+01  0.0000E+00  1.0260E+01  1.8436E+01  0.0000E+00

"tbf
              1
 11.00000000  1.00000  3.8415E-14  1.9575E+01  0.0000E+00  1.1295E+01  1.8436E+01  0.0000E+00

"tbf
              1
 11.00000000  1.00000  6.3449E-13  1.9632E+01  0.0000E+00  1.2294E+01  1.8436E+01  0.0000E+00

"tbf
              1
 11.00000000  1.00000 -3.7539E-12  1.9675E+01  0.0000E+00  1.3253E+01  1.8436E+01  0.0000E+00

"tbf
              1
 11.00000000  1.00000  1.1352E-12  1.9705E+01  0.0000E+00  1.4168E+01  1.8436E+01  0.0000E+00
