
"tbf
              1
 11.00000000  1.00000  3.4654E-13  2.0012E+01  0.0000E+00  3.4944E-01  2.0148E+01  0.0000E+00

"tbf
              1
 11.00000000  1.00000  2.0526E-12  2.0075E+01  0.0000E+00  4.0538E-01  2.0148E+01  0.0000E+00

"tbf
              1
 11.00000000  1.00000 -2.1257E-12  2.0097E+01  0.0000E+00  8.1819E-01  2.0148E+01  0.0000E+00

"tbf
              1
 11.00000000  1.00000  1.7556E-12  2.0129E+01  0.0000E+00  1.3926E+00  2.0148E+01  0.0000E+00

"tbf
              1
 11.00000000  1.00000 -1.3494E-12  2.0170E+01  0.0000E+00  2.1097E+00  2.0148E+01  0.0000E+00

"tbf
              1
 11.00000000  1.00000  9.3049E-13  2.0215E+01  0.0000E+00  2.9472E+00  2.0148E+01  0.0000E+00

"tbf
              1
 11.00000000  1.00000  3.9813E-13  2.0261E+01  0.0000E+00  3.8809E+00  2.0148E+01  0.0000E+00

"tbf
              1
 11.00000000  1.00000  1.0929E-13  2.0306E+01  0.0000E+00  4.8866E+00  2.0148E+01  0.0000E+00

"tbf
              1
 11.00000000  1.00000 -3.2353E-13  2.0346E+01  0.0000E+00  5.9408E+00  2.0148E+01  0.0000E+00

"tbf
              1
 11.00000000  1.00000  8.4225E-13  2.0380E+01  0.0000E+00  7.0223E+00  2.0148E+01  0.0000E+00

"tbf
              1
 11.00000000  1.00000 -4.1411E-13  2.0405E+01  0.0000E+00  8.1124E+00  2.0148E+01  0.0000E+00

"tbf
              1
 11.00000000  1.00000  5.1930E-13  2.0420E+01  0.0000E+00  9.1956E+00  2.0148E+01  0.0000E+00

"tbf
              1
 11.00000000  1.00000 -3.9042E-12  2.0425E+01  0.0000E+00  1.0260E+01  2.0148E+01  0.0000E+00

"tbf
              1
 11.00000000  1.00000 -2.2085E-12  2.0420E+01  0.0000E+00  1.1295E+01  2.0148E+01  0.0000E+00

"tbf
              1
 11.00000000  1.00000 -6.0043E-13  2.0404E+01  0.0000E+00  1.2294E+01  2.0148E+01  0.0000E+00

"tbf
              1
 11.00000000  1.00000  3.2198E-13  2.0378E+01  0.0000E+00  1.3253E+01  2.0148E+01  0.0000E+00

"tbf
              1
 11.00000000  1.00000 -6.5921E-13  2.0342E+01  0.0000E+00  1.4168E+01  2.0148E+01  0.0000E+00
