
"tbf
              1
  3.90000000  1.00000  1.0920E-09  7.3323E-01  0.0000E+00  7.6439E-02  7.8638E-01  0.0000E+00

"tbf
              1
  3.90000000  1.00000 -1.1316E-10  7.3264E-01  0.0000E+00  8.1054E-02  7.8638E-01  0.0000E+00

"tbf
              1
  3.90000000  1.00000  9.8852E-10  7.3213E-01  0.0000E+00  8.5459E-02  7.8638E-01  0.0000E+00

"tbf
              1
  3.90000000  1.00000 -1.2879E-09  7.3164E-01  0.0000E+00  8.9901E-02  7.8638E-01  0.0000E+00

"tbf
              1
  3.90000000  1.00000 -1.7424E-10  7.3114E-01  0.0000E+00  9.4404E-02  7.8638E-01  0.0000E+00

"tbf
              1
  3.90000000  1.00000 -1.2919E-09  7.3065E-01  0.0000E+00  9.8976E-02  7.8638E-01  0.0000E+00

"tbf
              1
  3.90000000  1.00000 -4.6741E-10  7.3015E-01  0.0000E+00  1.0362E-01  7.8638E-01  0.0000E+00

"tbf
              1
  3.90000000  1.00000 -1.0032E-09  7.2964E-01  0.0000E+00  1.0833E-01  7.8638E-01  0.0000E+00

"tbf
              1
  3.90000000  1.00000 -1.6111E-09  7.2913E-01  0.0000E+00  1.1312E-01  7.8638E-01  0.0000E+00

"tbf
              1
  3.90000000  1.00000  1.1451E-09  7.2861E-01  0.0000E+00  1.1797E-01  7.8638E-01  0.0000E+00

"tbf
              1
  3.90000000  1.00000  2.2448E-10  7.2809E-01  0.0000E+00  1.2290E-01  7.8638E-01  0.0000E+00

"tbf
              1
  3.90000000  1.00000  1.5264E-09  7.2756E-01  0.0000E+00  1.2789E-01  7.8638E-01  0.0000E+00

"tbf
              1
  3.90000000  1.00000  1.4604E-09  7.2702E-01  0.0000E+00  1.3294E-01  7.8638E-01  0.0000E+00

"tbf
              1
  3.90000000  1.00000  2.2939E-09  7.2647E-01  0.0000E+00  1.3806E-01  7.8638E-01  0.0000E+00

"tbf
              1
  3.90000000  1.00000 -1.8523E-09  7.2592E-01  0.0000E+00  1.4324E-01  7.8638E-01  0.0000E+00

"tbf
              1
  3.90000000  1.00000  1.0437E-10  7.2535E-01  0.0000E+00  1.4848E-01  7.8638E-01  0.0000E+00

"tbf
              1
  3.90000000  1.00000 -1.3313E-09  7.2478E-01  0.0000E+00  1.5378E-01  7.8638E-01  0.0000E+00
