
"tbf
              1
  3.90000000  1.00000  1.3614E-09  1.6716E+00  0.0000E+00  7.6470E-02  1.8928E+00  0.0000E+00

"tbf
              1
  3.90000000  1.00000 -1.3335E-10  1.6647E+00  0.0000E+00  8.1084E-02  1.8928E+00  0.0000E+00

"tbf
              1
  3.90000000  1.00000  2.2014E-10  1.6582E+00  0.0000E+00  8.5488E-02  1.8928E+00  0.0000E+00

"tbf
              1
  3.90000000  1.00000 -1.5573E-09  1.6517E+00  0.0000E+00  8.9930E-02  1.8928E+00  0.0000E+00

"tbf
              1
  3.90000000  1.00000 -1.0631E-09  1.6451E+00  0.0000E+00  9.4433E-02  1.8928E+00  0.0000E+00

"tbf
              1
  3.90000000  1.00000 -1.7515E-09  1.6385E+00  0.0000E+00  9.9004E-02  1.8928E+00  0.0000E+00

"tbf
              1
  3.90000000  1.00000  1.1134E-09  1.6318E+00  0.0000E+00  1.0365E-01  1.8928E+00  0.0000E+00

"tbf
              1
  3.90000000  1.00000 -2.5412E-10  1.6250E+00  0.0000E+00  1.0836E-01  1.8928E+00  0.0000E+00

"tbf
              1
  3.90000000  1.00000 -1.8581E-09  1.6181E+00  0.0000E+00  1.1314E-01  1.8928E+00  0.0000E+00

"tbf
              1
  3.90000000  1.00000 -1.1208E-09  1.6112E+00  0.0000E+00  1.1800E-01  1.8928E+00  0.0000E+00

"tbf
              1
  3.90000000  1.00000 -3.6128E-10  1.6042E+00  0.0000E+00  1.2292E-01  1.8928E+00  0.0000E+00

"tbf
              1
  3.90000000  1.00000  1.1392E-09  1.5971E+00  0.0000E+00  1.2791E-01  1.8928E+00  0.0000E+00

"tbf
              1
  3.90000000  1.00000  7.4711E-10  1.5899E+00  0.0000E+00  1.3297E-01  1.8928E+00  0.0000E+00

"tbf
              1
  3.90000000  1.00000  2.9597E-09  1.5827E+00  0.0000E+00  1.3809E-01  1.8928E+00  0.0000E+00

"tbf
              1
  3.90000000  1.00000  5.3228E-10  1.5754E+00  0.0000E+00  1.4326E-01  1.8928E+00  0.0000E+00

"tbf
              1
  3.90000000  1.00000 -4.1576E-10  1.5681E+00  0.0000E+00  1.4850E-01  1.8928E+00  0.0000E+00

"tbf
              1
  3.90000000  1.00000 -3.3351E-10  1.5607E+00  0.0000E+00  1.5380E-01  1.8928E+00  0.0000E+00
