
"tbf
              1
  3.90000000  1.00000  2.4727E-09  9.0667E-01  0.0000E+00  7.6445E-02  9.9087E-01  0.0000E+00

"tbf
              1
  3.90000000  1.00000 -2.8882E-10  9.0491E-01  0.0000E+00  8.1059E-02  9.9087E-01  0.0000E+00

"tbf
              1
  3.90000000  1.00000  1.9986E-10  9.0329E-01  0.0000E+00  8.5464E-02  9.9087E-01  0.0000E+00

"tbf
              1
  3.90000000  1.00000 -2.9128E-09  9.0168E-01  0.0000E+00  8.9907E-02  9.9087E-01  0.0000E+00

"tbf
              1
  3.90000000  1.00000 -5.9417E-12  9.0007E-01  0.0000E+00  9.4410E-02  9.9087E-01  0.0000E+00

"tbf
              1
  3.90000000  1.00000 -1.4182E-09  8.9843E-01  0.0000E+00  9.8981E-02  9.9087E-01  0.0000E+00

"tbf
              1
  3.90000000  1.00000  1.3067E-09  8.9679E-01  0.0000E+00  1.0362E-01  9.9087E-01  0.0000E+00

"tbf
              1
  3.90000000  1.00000 -5.4155E-10  8.9512E-01  0.0000E+00  1.0834E-01  9.9087E-01  0.0000E+00

"tbf
              1
  3.90000000  1.00000 -1.4082E-09  8.9344E-01  0.0000E+00  1.1312E-01  9.9087E-01  0.0000E+00

"tbf
              1
  3.90000000  1.00000  2.8955E-10  8.9173E-01  0.0000E+00  1.1798E-01  9.9087E-01  0.0000E+00

"tbf
              1
  3.90000000  1.00000  5.3793E-10  8.9001E-01  0.0000E+00  1.2290E-01  9.9087E-01  0.0000E+00

"tbf
              1
  3.90000000  1.00000  4.3799E-10  8.8827E-01  0.0000E+00  1.2789E-01  9.9087E-01  0.0000E+00

"tbf
              1
  3.90000000  1.00000 -1.8447E-10  8.8651E-01  0.0000E+00  1.3295E-01  9.9087E-01  0.0000E+00

"tbf
              1
  3.90000000  1.00000  1.2928E-09  8.8473E-01  0.0000E+00  1.3807E-01  9.9087E-01  0.0000E+00

"tbf
              1
  3.90000000  1.00000  9.8705E-10  8.8293E-01  0.0000E+00  1.4325E-01  9.9087E-01  0.0000E+00

"tbf
              1
  3.90000000  1.00000  8.5892E-10  8.8111E-01  0.0000E+00  1.4848E-01  9.9087E-01  0.0000E+00

"tbf
              1
  3.90000000  1.00000 -1.5496E-09  8.7928E-01  0.0000E+00  1.5378E-01  9.9087E-01  0.0000E+00
