
"tbf
              1
  3.90000000  1.00000  1.2229E-09  1.3696E+00  0.0000E+00  7.6460E-02  1.5367E+00  0.0000E+00

"tbf
              1
  3.90000000  1.00000 -1.3736E-09  1.3647E+00  0.0000E+00  8.1074E-02  1.5367E+00  0.0000E+00

"tbf
              1
  3.90000000  1.00000  1.5563E-09  1.3601E+00  0.0000E+00  8.5479E-02  1.5367E+00  0.0000E+00

"tbf
              1
  3.90000000  1.00000 -2.6138E-09  1.3555E+00  0.0000E+00  8.9921E-02  1.5367E+00  0.0000E+00

"tbf
              1
  3.90000000  1.00000 -1.7358E-09  1.3509E+00  0.0000E+00  9.4424E-02  1.5367E+00  0.0000E+00

"tbf
              1
  3.90000000  1.00000 -1.5711E-09  1.3463E+00  0.0000E+00  9.8995E-02  1.5367E+00  0.0000E+00

"tbf
              1
  3.90000000  1.00000  1.6455E-09  1.3416E+00  0.0000E+00  1.0364E-01  1.5367E+00  0.0000E+00

"tbf
              1
  3.90000000  1.00000 -3.7676E-10  1.3368E+00  0.0000E+00  1.0835E-01  1.5367E+00  0.0000E+00

"tbf
              1
  3.90000000  1.00000 -1.1743E-09  1.3320E+00  0.0000E+00  1.1314E-01  1.5367E+00  0.0000E+00

"tbf
              1
  3.90000000  1.00000  1.6804E-09  1.3271E+00  0.0000E+00  1.1799E-01  1.5367E+00  0.0000E+00

"tbf
              1
  3.90000000  1.00000  4.0931E-10  1.3222E+00  0.0000E+00  1.2291E-01  1.5367E+00  0.0000E+00

"tbf
              1
  3.90000000  1.00000  5.6866E-10  1.3172E+00  0.0000E+00  1.2790E-01  1.5367E+00  0.0000E+00

"tbf
              1
  3.90000000  1.00000 -4.9165E-10  1.3122E+00  0.0000E+00  1.3296E-01  1.5367E+00  0.0000E+00

"tbf
              1
  3.90000000  1.00000  1.4681E-09  1.3071E+00  0.0000E+00  1.3808E-01  1.5367E+00  0.0000E+00

"tbf
              1
  3.90000000  1.00000 -8.7913E-11  1.3020E+00  0.0000E+00  1.4326E-01  1.5367E+00  0.0000E+00

"tbf
              1
  3.90000000  1.00000  7.8246E-10  1.2968E+00  0.0000E+00  1.4850E-01  1.5367E+00  0.0000E+00

"tbf
              1
  3.90000000  1.00000 -1.2621E-09  1.2916E+00  0.0000E+00  1.5379E-01  1.5367E+00  0.0000E+00
