  1.000E+02  7.000E+01  5.000E+01  4.500E+01  4.000E+01  3.500E+01  3.000E+01  2.500E+01  2.400E+01  2.300E+01
  2.200E+01  2.100E+01  2.000E+01  1.900E+01  1.800E+01  1.700E+01  1.600E+01  1.500E+01  1.400E+01  1.300E+01
  1.200E+01  1.100E+01  1.000E+01  9.000E+00  8.000E+00  7.000E+00  6.000E+00  5.000E+00  4.000E+00  3.000E+00
  2.000E+00  1.000E+00  0.000E+00

  1.241E-04  1.241E-04  1.241E-04  1.241E-04  1.241E-04  1.241E-04  1.241E-04  1.241E-04  1.240E-04  1.240E-04
  1.240E-04  1.239E-04  1.239E-04  1.239E-04  1.238E-04  1.238E-04  1.238E-04  1.238E-04  1.238E-04  1.238E-04
  1.238E-04  1.237E-04  1.237E-04  1.237E-04  1.237E-04  1.236E-04  1.235E-04  1.233E-04  1.228E-04  1.218E-04
  1.196E-04  1.155E-04  1.089E-04

  1.380E-12  1.117E-10  6.020E-09  2.124E-08  1.008E-07  5.213E-07  2.184E-06  7.439E-06  9.268E-06  1.138E-05
  1.371E-05  1.617E-05  1.865E-05  2.096E-05  2.290E-05  2.440E-05  2.550E-05  2.632E-05  2.705E-05  2.780E-05
  2.863E-05  2.958E-05  3.084E-05  3.285E-05  3.645E-05  4.356E-05  5.842E-05  9.236E-05  1.762E-04  3.808E-04
  8.590E-04  1.840E-03  3.564E-03

  1.241E-04  1.241E-04  1.242E-04  1.242E-04  1.242E-04  1.247E-04  1.263E-04  1.315E-04  1.333E-04  1.354E-04
  1.377E-04  1.401E-04  1.426E-04  1.448E-04  1.467E-04  1.482E-04  1.493E-04  1.501E-04  1.508E-04  1.516E-04
  1.524E-04  1.533E-04  1.546E-04  1.565E-04  1.601E-04  1.672E-04  1.819E-04  2.156E-04  2.990E-04  5.026E-04
  9.786E-04  1.955E-03  3.673E-03

  2.434E-02  2.434E-02  2.434E-02  2.434E-02  2.434E-02  2.434E-02  2.434E-02  2.436E-02  2.436E-02  2.437E-02
  2.438E-02  2.438E-02  2.439E-02  2.440E-02  2.441E-02  2.441E-02  2.441E-02  2.442E-02  2.442E-02  2.442E-02
  2.443E-02  2.443E-02  2.443E-02  2.444E-02  2.444E-02  2.445E-02  2.447E-02  2.450E-02  2.455E-02  2.464E-02
  2.479E-02  2.496E-02  2.506E-02