
"tbf
              1
 11.00000000  1.00000  1.6527E-01  2.7581E+01  1.6527E-01  1.6374E+01  3.0075E+01  9.4816E-02
  19  18
  0.0000E+00  1.0000E+01  2.0000E+01  3.0000E+01  4.0000E+01  5.0000E+01  6.0000E+01  7.0000E+01  8.0000E+01  9.0000E+01
  1.0000E+02  1.1000E+02  1.2000E+02  1.3000E+02  1.4000E+02  1.5000E+02  1.6000E+02  1.7000E+02  1.8000E+02
  0.0000E+00  5.0000E+00  1.0000E+01  1.5000E+01  2.0000E+01  2.5000E+01  3.0000E+01  3.5000E+01  4.0000E+01  4.5000E+01
  5.0000E+01  5.5000E+01  6.0000E+01  6.5000E+01  7.0000E+01  7.5000E+01  8.0000E+01  8.5000E+01
  9.0696E+00  9.0696E+00  9.0696E+00  9.0696E+00  9.0696E+00  9.0696E+00  9.0696E+00  9.0696E+00  9.0696E+00  9.0696E+00
  9.0696E+00  9.0696E+00  9.0696E+00  9.0696E+00  9.0696E+00  9.0696E+00  9.0696E+00  9.0696E+00  9.0696E+00
  9.0679E+00  9.0679E+00  9.0679E+00  9.0679E+00  9.0679E+00  9.0679E+00  9.0679E+00  9.0679E+00  9.0679E+00  9.0679E+00
  9.0679E+00  9.0679E+00  9.0679E+00  9.0679E+00  9.0679E+00  9.0679E+00  9.0679E+00  9.0679E+00  9.0679E+00
  9.0630E+00  9.0630E+00  9.0630E+00  9.0630E+00  9.0630E+00  9.0630E+00  9.0630E+00  9.0630E+00  9.0630E+00  9.0630E+00
  9.0630E+00  9.0630E+00  9.0630E+00  9.0630E+00  9.0630E+00  9.0630E+00  9.0630E+00  9.0630E+00  9.0630E+00
  9.0544E+00  9.0544E+00  9.0544E+00  9.0544E+00  9.0544E+00  9.0544E+00  9.0544E+00  9.0544E+00  9.0544E+00  9.0544E+00
  9.0544E+00  9.0544E+00  9.0544E+00  9.0544E+00  9.0544E+00  9.0544E+00  9.0544E+00  9.0544E+00  9.0544E+00
  9.0421E+00  9.0421E+00  9.0421E+00  9.0421E+00  9.0421E+00  9.0421E+00  9.0421E+00  9.0421E+00  9.0421E+00  9.0421E+00
  9.0421E+00  9.0421E+00  9.0421E+00  9.0421E+00  9.0421E+00  9.0421E+00  9.0421E+00  9.0421E+00  9.0421E+00
  9.0256E+00  9.0256E+00  9.0256E+00  9.0256E+00  9.0256E+00  9.0256E+00  9.0256E+00  9.0256E+00  9.0256E+00  9.0256E+00
  9.0256E+00  9.0256E+00  9.0256E+00  9.0256E+00  9.0256E+00  9.0256E+00  9.0256E+00  9.0256E+00  9.0256E+00
  9.0043E+00  9.0043E+00  9.0043E+00  9.0043E+00  9.0043E+00  9.0043E+00  9.0043E+00  9.0043E+00  9.0043E+00  9.0043E+00
  9.0043E+00  9.0043E+00  9.0043E+00  9.0043E+00  9.0043E+00  9.0043E+00  9.0043E+00  9.0043E+00  9.0043E+00
  8.9772E+00  8.9772E+00  8.9772E+00  8.9772E+00  8.9772E+00  8.9772E+00  8.9772E+00  8.9772E+00  8.9772E+00  8.9772E+00
  8.9772E+00  8.9772E+00  8.9772E+00  8.9772E+00  8.9772E+00  8.9772E+00  8.9772E+00  8.9772E+00  8.9772E+00
  8.9433E+00  8.9433E+00  8.9433E+00  8.9433E+00  8.9433E+00  8.9433E+00  8.9433E+00  8.9433E+00  8.9433E+00  8.9433E+00
  8.9433E+00  8.9433E+00  8.9433E+00  8.9433E+00  8.9433E+00  8.9433E+00  8.9433E+00  8.9433E+00  8.9433E+00
  8.9009E+00  8.9009E+00  8.9009E+00  8.9009E+00  8.9009E+00  8.9009E+00  8.9009E+00  8.9009E+00  8.9009E+00  8.9009E+00
  8.9009E+00  8.9009E+00  8.9009E+00  8.9009E+00  8.9009E+00  8.9009E+00  8.9009E+00  8.9009E+00  8.9009E+00
  8.8476E+00  8.8476E+00  8.8476E+00  8.8476E+00  8.8476E+00  8.8476E+00  8.8476E+00  8.8476E+00  8.8476E+00  8.8476E+00
  8.8476E+00  8.8476E+00  8.8476E+00  8.8476E+00  8.8476E+00  8.8476E+00  8.8476E+00  8.8476E+00  8.8476E+00
  8.7800E+00  8.7800E+00  8.7800E+00  8.7800E+00  8.7800E+00  8.7800E+00  8.7800E+00  8.7800E+00  8.7800E+00  8.7800E+00
  8.7800E+00  8.7800E+00  8.7800E+00  8.7800E+00  8.7800E+00  8.7800E+00  8.7800E+00  8.7800E+00  8.7800E+00
  8.6930E+00  8.6930E+00  8.6930E+00  8.6930E+00  8.6930E+00  8.6930E+00  8.6930E+00  8.6930E+00  8.6930E+00  8.6930E+00
  8.6930E+00  8.6930E+00  8.6930E+00  8.6930E+00  8.6930E+00  8.6930E+00  8.6930E+00  8.6930E+00  8.6930E+00
  8.5783E+00  8.5783E+00  8.5783E+00  8.5783E+00  8.5783E+00  8.5783E+00  8.5783E+00  8.5783E+00  8.5783E+00  8.5783E+00
  8.5783E+00  8.5783E+00  8.5783E+00  8.5783E+00  8.5783E+00  8.5783E+00  8.5783E+00  8.5783E+00  8.5783E+00
  8.4224E+00  8.4224E+00  8.4224E+00  8.4224E+00  8.4224E+00  8.4224E+00  8.4224E+00  8.4224E+00  8.4224E+00  8.4224E+00
  8.4224E+00  8.4224E+00  8.4224E+00  8.4224E+00  8.4224E+00  8.4224E+00  8.4224E+00  8.4224E+00  8.4224E+00
  8.2008E+00  8.2008E+00  8.2008E+00  8.2008E+00  8.2008E+00  8.2008E+00  8.2008E+00  8.2008E+00  8.2008E+00  8.2008E+00
  8.2008E+00  8.2008E+00  8.2008E+00  8.2008E+00  8.2008E+00  8.2008E+00  8.2008E+00  8.2008E+00  8.2008E+00
  7.8632E+00  7.8632E+00  7.8632E+00  7.8632E+00  7.8632E+00  7.8632E+00  7.8632E+00  7.8632E+00  7.8632E+00  7.8632E+00
  7.8632E+00  7.8632E+00  7.8632E+00  7.8632E+00  7.8632E+00  7.8632E+00  7.8632E+00  7.8632E+00  7.8632E+00
  7.2597E+00  7.2597E+00  7.2597E+00  7.2597E+00  7.2597E+00  7.2597E+00  7.2597E+00  7.2597E+00  7.2597E+00  7.2597E+00
  7.2597E+00  7.2597E+00  7.2597E+00  7.2597E+00  7.2597E+00  7.2597E+00  7.2597E+00  7.2597E+00  7.2597E+00
