  1.000E+02  7.000E+01  5.000E+01  4.500E+01  4.000E+01  3.500E+01  3.000E+01  2.500E+01  2.400E+01  2.300E+01
  2.200E+01  2.100E+01  2.000E+01  1.900E+01  1.800E+01  1.700E+01  1.600E+01  1.500E+01  1.400E+01  1.300E+01
  1.200E+01  1.100E+01  1.000E+01  9.000E+00  8.000E+00  7.000E+00  6.000E+00  5.000E+00  4.000E+00  3.000E+00
  2.000E+00  1.000E+00  0.000E+00

  7.075E-03  7.075E-03  7.075E-03  7.075E-03  7.074E-03  7.073E-03  7.071E-03  7.065E-03  7.063E-03  7.061E-03
  7.057E-03  7.053E-03  7.048E-03  7.042E-03  7.034E-03  7.024E-03  7.012E-03  6.997E-03  6.979E-03  6.956E-03
  6.929E-03  6.895E-03  6.854E-03  6.805E-03  6.745E-03  6.673E-03  6.587E-03  6.484E-03  6.360E-03  6.208E-03
  6.023E-03  5.797E-03  5.527E-03

  1.602E-13  1.129E-11  4.109E-09  1.264E-08  2.802E-08  4.943E-08  7.392E-08  1.123E-07  1.229E-07  1.352E-07
  1.492E-07  1.653E-07  1.840E-07  2.062E-07  2.337E-07  2.674E-07  3.082E-07  3.576E-07  4.172E-07  4.889E-07
  5.755E-07  6.812E-07  8.614E-07  1.237E-06  1.984E-06  3.404E-06  6.018E-06  1.075E-05  1.919E-05  3.407E-05
  5.976E-05  1.028E-04  1.721E-04

  7.075E-03  7.075E-03  7.075E-03  7.075E-03  7.074E-03  7.074E-03  7.071E-03  7.066E-03  7.063E-03  7.061E-03
  7.058E-03  7.054E-03  7.049E-03  7.042E-03  7.034E-03  7.024E-03  7.012E-03  6.997E-03  6.979E-03  6.957E-03
  6.929E-03  6.896E-03  6.855E-03  6.806E-03  6.747E-03  6.676E-03  6.593E-03  6.495E-03  6.379E-03  6.243E-03
  6.083E-03  5.900E-03  5.699E-03

  9.480E-04  9.480E-04  9.480E-04  9.480E-04  9.480E-04  9.480E-04  9.482E-04  9.487E-04  9.488E-04  9.491E-04
  9.493E-04  9.497E-04  9.501E-04  9.507E-04  9.514E-04  9.524E-04  9.535E-04  9.549E-04  9.568E-04  9.591E-04
  9.620E-04  9.659E-04  9.708E-04  9.770E-04  9.850E-04  9.950E-04  1.008E-03  1.023E-03  1.043E-03  1.067E-03
  1.095E-03  1.123E-03  1.139E-03
