
"tbf
            278
  0.25000000  1.00000  5.2636E+01  3.5113E-02  5.2636E+01  0.0000E+00  0.0000E+00  0.0000E+00
  0.25251490  1.00000  2.6558E+01  1.6826E-02  2.6558E+01  0.0000E+00  0.0000E+00  0.0000E+00
  0.25505510  1.00000  4.1636E+01  2.4716E-02  4.1636E+01  0.0000E+00  0.0000E+00  0.0000E+00
  0.25762086  1.00000  6.1704E+01  3.6167E-02  6.1704E+01  0.0000E+00  0.0000E+00  0.0000E+00
  0.26021242  1.00000  8.0414E+01  4.6190E-02  8.0414E+01  0.0000E+00  0.0000E+00  0.0000E+00
  0.26283006  1.00000  6.6446E+01  3.8096E-02  6.6446E+01  0.0000E+00  0.0000E+00  0.0000E+00
  0.26547402  1.00000  2.3351E+02  1.3602E-01  2.3351E+02  0.0000E+00  0.0000E+00  0.0000E+00
  0.26814459  1.00000  1.9433E+02  1.1961E-01  1.9433E+02  0.0000E+00  0.0000E+00  0.0000E+00
  0.27084202  1.00000  2.1810E+02  1.4479E-01  2.1810E+02  0.0000E+00  0.0000E+00  0.0000E+00
  0.27356658  1.00000  1.5650E+02  1.1265E-01  1.5650E+02  0.0000E+00  0.0000E+00  0.0000E+00
  0.27631855  1.00000  1.7330E+02  1.3699E-01  1.7330E+02  0.0000E+00  0.0000E+00  0.0000E+00
  0.27909821  1.00000  8.8608E+01  8.0214E-02  8.8608E+01  0.0000E+00  0.0000E+00  0.0000E+00
  0.28190583  1.00000  2.1254E+02  2.2581E-01  2.1254E+02  0.0000E+00  0.0000E+00  0.0000E+00
  0.28474169  1.00000  1.7846E+02  2.1916E-01  1.7846E+02  0.0000E+00  0.0000E+00  0.0000E+00
  0.28760608  1.00000  2.7212E+02  4.0279E-01  2.7212E+02  0.0000E+00  0.0000E+00  0.0000E+00
  0.29049928  1.00000  5.6028E+02  1.0179E+00  5.6028E+02  0.0000E+00  0.0000E+00  0.0000E+00
  0.29342159  1.00000  4.4230E+02  1.0288E+00  4.4230E+02  2.3326E-03 -1.8524E-19  1.0288E-03
  0.29637330  1.00000  5.4175E+02  1.7028E+00  5.4175E+02  1.3535E-01 -1.1825E-17  5.9821E-02
  0.29935469  1.00000  4.3053E+02  1.8725E+00  4.3053E+02  1.2799E+00 -3.4223E-17  5.6706E-01
  0.30236608  1.00000  3.7850E+02  2.5445E+00  3.7850E+02  6.0841E+00  3.0833E-16  2.7071E+00
  0.30540777  1.00000  5.3827E+02  8.1276E+00  5.3827E+02  3.2412E+01  2.4702E-15  1.4454E+01
  0.30848005  1.00000  5.4687E+02  1.7815E+01  5.4687E+02  6.8497E+01  4.2751E-15  3.0920E+01
  0.31158324  1.00000  6.3164E+02  3.9025E+01  6.3164E+02  1.2911E+02 -1.5420E-14  5.9266E+01
  0.31471764  1.00000  4.8768E+02  6.1786E+01  4.8768E+02  1.5930E+02 -1.1213E-15  7.4044E+01
  0.31788358  1.00000  7.0960E+02  1.1435E+02  7.0960E+02  2.7380E+02  3.2882E-14  1.3067E+02
  0.32108136  1.00000  4.9945E+02  1.2892E+02  4.9945E+02  2.5241E+02  9.0018E-14  1.2247E+02
  0.32431131  1.00000  6.4473E+02  1.8230E+02  6.4473E+02  3.5096E+02 -2.4137E-13  1.7531E+02
  0.32757376  1.00000  8.3229E+02  2.4627E+02  8.3229E+02  4.7689E+02 -2.8270E-13  2.4531E+02
  0.33086902  1.00000  6.5278E+02  1.9699E+02  6.5278E+02  3.8855E+02  8.3683E-14  2.0576E+02
  0.33419743  1.00000  7.1313E+02  2.2564E+02  7.1313E+02  4.4581E+02 -2.1099E-14  2.4249E+02
  0.33755933  1.00000  6.3622E+02  1.9943E+02  6.3622E+02  4.0711E+02  1.7368E-13  2.2761E+02
  0.34095504  1.00000  6.0989E+02  1.9569E+02  6.0989E+02  4.0479E+02 -2.2559E-13  2.3210E+02
  0.34438492  1.00000  5.2064E+02  1.6134E+02  5.2064E+02  3.4952E+02 -2.3019E-15  2.0563E+02
  0.34784929  1.00000  6.4594E+02  1.9900E+02  6.4594E+02  4.4459E+02 -2.2133E-13  2.6768E+02
  0.35134852  1.00000  6.6572E+02  1.9877E+02  6.6572E+02  4.6389E+02 -4.0549E-13  2.8585E+02
  0.35488295  1.00000  8.0646E+02  2.3471E+02  8.0646E+02  5.6977E+02  3.6612E-15  3.5895E+02
  0.35845293  1.00000  5.1704E+02  1.4526E+02  5.1704E+02  3.6768E+02 -3.5733E-14  2.3684E+02
  0.36205883  1.00000  3.9822E+02  1.0887E+02  3.9822E+02  2.8789E+02 -5.5284E-14  1.8897E+02
  0.36570100  1.00000  1.0713E+03  2.8479E+02  1.0713E+03  7.8627E+02 -8.9926E-13  5.2558E+02
  0.36937980  1.00000  9.9205E+02  2.5555E+02  9.9205E+02  7.3638E+02 -1.5706E-12  5.0118E+02
  0.37309562  1.00000  9.2512E+02  2.3083E+02  9.2512E+02  6.9414E+02 -1.1467E-12  4.8062E+02
  0.37684882  1.00000  7.1318E+02  1.7209E+02  7.1318E+02  5.3987E+02 -7.8530E-14  3.8008E+02
  0.38063977  1.00000  9.8781E+02  2.3026E+02  9.8781E+02  7.5346E+02 -2.0568E-13  5.3904E+02
  0.38446885  1.00000  7.2193E+02  1.6339E+02  7.2193E+02  5.5823E+02 -1.0681E-13  4.0504E+02
  0.38833646  1.00000  7.1447E+02  1.5651E+02  7.1447E+02  5.5790E+02 -6.0638E-13  4.1055E+02
  0.39224297  1.00000  8.2268E+02  1.7433E+02  8.2268E+02  6.4832E+02  1.2446E-12  4.8356E+02
  0.39618878  1.00000  8.1445E+02  1.7387E+02  8.1445E+02  6.4984E+02  9.2702E+00  4.8922E+02
  0.40017428  1.00000  1.3394E+03  3.1497E+02  1.3394E+03  1.0897E+03  6.5384E+01  8.2140E+02
  0.40419988  1.00000  1.2510E+03  2.8669E+02  1.2510E+03  1.0258E+03  6.1546E+01  7.8262E+02
  0.40826597  1.00000  1.3368E+03  2.9971E+02  1.3368E+03  1.1047E+03  6.7726E+01  8.5239E+02
  0.41237297  1.00000  1.3861E+03  3.0445E+02  1.3861E+03  1.1542E+03  7.2657E+01  9.0017E+02
  0.41652128  1.00000  1.4261E+03  3.0702E+02  1.4261E+03  1.1962E+03  7.7285E+01  9.4249E+02
  0.42071132  1.00000  1.3562E+03  2.8647E+02  1.3562E+03  1.1456E+03  7.6098E+01  9.1145E+02
  0.42494351  1.00000  1.1802E+03  2.4531E+02  1.1802E+03  1.0039E+03  6.9233E+01  8.0602E+02
  0.42921827  1.00000  8.9936E+02  1.8296E+02  8.9936E+02  7.6970E+02  5.3758E+01  6.2365E+02
  0.43353604  1.00000  1.4058E+03  2.8061E+02  1.4058E+03  1.2102E+03  8.6429E+01  9.8905E+02
  0.43789724  1.00000  1.3030E+03  2.5551E+02  1.3030E+03  1.1282E+03  8.2536E+01  9.2953E+02
  0.44230231  1.00000  1.4546E+03  2.8131E+02  1.4546E+03  1.2663E+03  9.6038E+01  1.0514E+03
  0.44675170  1.00000  1.4459E+03  2.7603E+02  1.4459E+03  1.2647E+03  9.9534E+01  1.0578E+03
  0.45124585  1.00000  1.5958E+03  3.0082E+02  1.5958E+03  1.4046E+03  1.1342E+02  1.1831E+03
  0.45578520  1.00000  1.4649E+03  2.7268E+02  1.4649E+03  1.2956E+03  1.0774E+02  1.0987E+03
  0.46037022  1.00000  1.4773E+03  2.6986E+02  1.4773E+03  1.3113E+03  1.1063E+02  1.1194E+03
  0.46500137  1.00000  1.4535E+03  2.6514E+02  1.4535E+03  1.2963E+03  1.1537E+02  1.1131E+03
  0.46967910  1.00000  1.5557E+03  2.8245E+02  1.5557E+03  1.3926E+03  1.2916E+02  1.2029E+03
  0.47440388  1.00000  1.5637E+03  2.8121E+02  1.5637E+03  1.3975E+03  1.3612E+02  1.2143E+03
  0.47917620  1.00000  1.4926E+03  2.6587E+02  1.4926E+03  1.3342E+03  1.3520E+02  1.1657E+03
  0.48399652  1.00000  1.4752E+03  2.6292E+02  1.4752E+03  1.3322E+03  1.3801E+02  1.1691E+03
  0.48886534  1.00000  1.4069E+03  2.4916E+02  1.4069E+03  1.2764E+03  1.3472E+02  1.1259E+03
  0.49378313  1.00000  1.4355E+03  2.5364E+02  1.4355E+03  1.3063E+03  1.4242E+02  1.1576E+03
  0.49875040  1.00000  1.3757E+03  2.4256E+02  1.3757E+03  1.2525E+03  1.4247E+02  1.1149E+03
  0.50376763  1.00000  1.3869E+03  2.4324E+02  1.3869E+03  1.2620E+03  1.4894E+02  1.1282E+03
  0.50883533  1.00000  1.4369E+03  2.5071E+02  1.4369E+03  1.3102E+03  1.5793E+02  1.1763E+03
  0.51395402  1.00000  1.3644E+03  2.3848E+02  1.3644E+03  1.2472E+03  1.5485E+02  1.1242E+03
  0.51912419  1.00000  1.2661E+03  2.1962E+02  1.2661E+03  1.1576E+03  1.4661E+02  1.0477E+03
  0.52434638  1.00000  1.4458E+03  2.4875E+02  1.4458E+03  1.3201E+03  1.7110E+02  1.1994E+03
  0.52962109  1.00000  1.4096E+03  2.4035E+02  1.4096E+03  1.2839E+03  1.7046E+02  1.1708E+03
  0.53494887  1.00000  1.3961E+03  2.3398E+02  1.3961E+03  1.2710E+03  1.6904E+02  1.1633E+03
  0.54033025  1.00000  1.3027E+03  2.1625E+02  1.3027E+03  1.1875E+03  1.5904E+02  1.0906E+03
  0.54576576  1.00000  1.3878E+03  2.2526E+02  1.3878E+03  1.2646E+03  1.6780E+02  1.1656E+03
  0.55125595  1.00000  1.3627E+03  2.1419E+02  1.3627E+03  1.2397E+03  1.6116E+02  1.1468E+03
  0.55680137  1.00000  1.3476E+03  2.0192E+02  1.3476E+03  1.2224E+03  1.5260E+02  1.1348E+03
  0.56240257  1.00000  1.3458E+03  1.8966E+02  1.3458E+03  1.2147E+03  1.4347E+02  1.1318E+03
  0.56806012  1.00000  1.3763E+03  1.7861E+02  1.3763E+03  1.2202E+03  1.3659E+02  1.1419E+03
  0.57377458  1.00000  1.3973E+03  1.6923E+02  1.3973E+03  1.2252E+03  1.3014E+02  1.1507E+03
  0.57954653  1.00000  1.3668E+03  1.6138E+02  1.3668E+03  1.2111E+03  1.2277E+02  1.1402E+03
  0.58537654  1.00000  1.3540E+03  1.5866E+02  1.3540E+03  1.2190E+03  1.1910E+02  1.1500E+03
  0.59126519  1.00000  1.3305E+03  1.4128E+02  1.3305E+03  1.1534E+03  1.0725E+02  1.0925E+03
  0.59721309  1.00000  1.3377E+03  1.3820E+02  1.3377E+03  1.1762E+03  1.0430E+02  1.1164E+03
  0.60322082  1.00000  1.3002E+03  1.3294E+02  1.3002E+03  1.1732E+03  9.9049E+01  1.1150E+03
  0.60928898  1.00000  1.2872E+03  1.2833E+02  1.2872E+03  1.1687E+03  9.5001E+01  1.1131E+03
  0.61541819  1.00000  1.2401E+03  1.2177E+02  1.2401E+03  1.1309E+03  9.0279E+01  1.0792E+03
  0.62160905  1.00000  1.2401E+03  1.1822E+02  1.2401E+03  1.1324E+03  8.7598E+01  1.0830E+03
  0.62786220  1.00000  1.2404E+03  1.0499E+02  1.2404E+03  1.0754E+03  8.1116E+01  1.0319E+03
  0.63417824  1.00000  1.2013E+03  1.0847E+02  1.2013E+03  1.0947E+03  8.1188E+01  1.0512E+03
  0.64055783  1.00000  1.1845E+03  1.0850E+02  1.1845E+03  1.0998E+03  8.0283E+01  1.0574E+03
  0.64700159  1.00000  1.1620E+03  1.0091E+02  1.1620E+03  1.0482E+03  7.6517E+01  1.0103E+03
  0.65351017  1.00000  1.1741E+03  1.0516E+02  1.1741E+03  1.0835E+03  7.9858E+01  1.0454E+03
  0.66008422  1.00000  1.1456E+03  1.0988E+02  1.1456E+03  1.0750E+03  8.5303E+01  1.0381E+03
  0.66672441  1.00000  1.1218E+03  1.4267E+02  1.1218E+03  1.0677E+03  1.2076E+02  1.0308E+03
  0.67343140  1.00000  1.1255E+03  1.9063E+02  1.1255E+03  1.0796E+03  1.7195E+02  1.0417E+03
  0.68020585  1.00000  1.1065E+03  2.2857E+02  1.1065E+03  1.0656E+03  2.1333E+02  1.0281E+03
  0.68704845  1.00000  1.0910E+03  1.9457E+02  1.0910E+03  8.5944E+02  2.0687E+02  8.3153E+02
  0.69395989  1.00000  1.0722E+03  2.5802E+02  1.0722E+03  9.4502E+02  2.6796E+02  9.1384E+02
  0.70094086  1.00000  1.0434E+03  2.8995E+02  1.0434E+03  9.3734E+02  3.0220E+02  9.0638E+02
  0.70799204  1.00000  1.0362E+03  3.4594E+02  1.0362E+03  9.6985E+02  3.5570E+02  9.3710E+02
  0.71511417  1.00000  9.9494E+02  3.5980E+02  9.9494E+02  9.2684E+02  3.7421E+02  8.9596E+02
  0.72230793  1.00000  9.8437E+02  3.7542E+02  9.8437E+02  8.9361E+02  4.0034E+02  8.6458E+02
  0.72957407  1.00000  9.6792E+02  3.5166E+02  9.6792E+02  8.0445E+02  3.9005E+02  7.7969E+02
  0.73691329  1.00000  9.7025E+02  4.3046E+02  9.7025E+02  8.9613E+02  4.5682E+02  8.6753E+02
  0.74432635  1.00000  9.4804E+02  4.7603E+02  9.4804E+02  9.3241E+02  4.7888E+02  9.0192E+02
  0.75181398  1.00000  9.3717E+02  4.8267E+02  9.3717E+02  9.2791E+02  4.8192E+02  8.9833E+02
  0.75937694  1.00000  9.1981E+02  2.2322E+02  9.1981E+02  5.6223E+02  2.9236E+02  5.4897E+02
  0.76701597  1.00000  8.8078E+02  3.6313E+02  8.8078E+02  7.6590E+02  3.9980E+02  7.4509E+02
  0.77473185  1.00000  8.7809E+02  4.5909E+02  8.7809E+02  8.7373E+02  4.5609E+02  8.4891E+02
  0.78252535  1.00000  8.8052E+02  4.6155E+02  8.8052E+02  8.7628E+02  4.5874E+02  8.5234E+02
  0.79039724  1.00000  8.5873E+02  4.1106E+02  8.5873E+02  8.1773E+02  4.2849E+02  7.9739E+02
  0.79834833  1.00000  8.4716E+02  4.1747E+02  8.4716E+02  8.1930E+02  4.2932E+02  7.9942E+02
  0.80637940  1.00000  8.3304E+02  4.1927E+02  8.3304E+02  8.1277E+02  4.2752E+02  7.9359E+02
  0.81449126  1.00000  8.1504E+02  3.5136E+02  8.1504E+02  7.2719E+02  3.8250E+02  7.1180E+02
  0.82268472  1.00000  7.8486E+02  3.1215E+02  7.8486E+02  6.5955E+02  3.4759E+02  6.4648E+02
  0.83096060  1.00000  7.7243E+02  3.4816E+02  7.7243E+02  7.0911E+02  3.7383E+02  6.9502E+02
  0.83931974  1.00000  7.5373E+02  3.6842E+02  7.5373E+02  7.2411E+02  3.8233E+02  7.0977E+02
  0.84776297  1.00000  7.4341E+02  3.8285E+02  7.4341E+02  7.3258E+02  3.8721E+02  7.1822E+02
  0.85629113  1.00000  7.3255E+02  3.8198E+02  7.3255E+02  7.2556E+02  3.8382E+02  7.1177E+02
  0.86490508  1.00000  7.1747E+02  3.8033E+02  7.1747E+02  7.1568E+02  3.7859E+02  7.0245E+02
  0.87360569  1.00000  7.0380E+02  3.7380E+02  7.0380E+02  7.0163E+02  3.7256E+02  6.8916E+02
  0.88239382  1.00000  6.8921E+02  3.6092E+02  6.8921E+02  6.8311E+02  3.6273E+02  6.7156E+02
  0.89127035  1.00000  6.8667E+02  3.4948E+02  6.8667E+02  6.7187E+02  3.5693E+02  6.6116E+02
  0.90023618  1.00000  6.5046E+02  2.1594E+02  6.5046E+02  4.7952E+02  2.5511E+02  4.7334E+02
  0.90929220  1.00000  6.3783E+02  2.1021E+02  6.3783E+02  4.6738E+02  2.4865E+02  4.6160E+02
  0.91843932  1.00000  6.3891E+02  2.3936E+02  6.3891E+02  5.1250E+02  2.7300E+02  5.0607E+02
  0.92767846  1.00000  6.2939E+02  2.1185E+02  6.2939E+02  4.7000E+02  2.5051E+02  4.6461E+02
  0.93701054  1.00000  6.1283E+02  4.8545E+01  6.1283E+02  1.8125E+02  9.6787E+01  1.8002E+02
  0.94643650  1.00000  5.9918E+02  8.9342E+01  5.9918E+02  2.7289E+02  1.4573E+02  2.7079E+02
  0.95595728  1.00000  5.8236E+02  1.1585E+02  5.8236E+02  3.1605E+02  1.6909E+02  3.1346E+02
  0.96557383  1.00000  5.7103E+02  1.7918E+02  5.7103E+02  4.0444E+02  2.1678E+02  4.0060E+02
  0.97528713  1.00000  5.6137E+02  2.1101E+02  5.6137E+02  4.4947E+02  2.4136E+02  4.4502E+02
  0.98509813  1.00000  5.5486E+02  2.6721E+02  5.5486E+02  5.2664E+02  2.8228E+02  5.2119E+02
  0.99500783  1.00000  5.4632E+02  2.8794E+02  5.4632E+02  5.4197E+02  2.8995E+02  5.3628E+02
  1.00501722  1.00000  5.1929E+02  2.6674E+02  5.1929E+02  5.0974E+02  2.7220E+02  5.0468E+02
  1.01512729  1.00000  5.2138E+02  2.6882E+02  5.2138E+02  5.1419E+02  2.7302E+02  5.0927E+02
  1.02533908  1.00000  5.1403E+02  2.6268E+02  5.1403E+02  5.0627E+02  2.6731E+02  5.0164E+02
  1.03565358  1.00000  4.9805E+02  2.5971E+02  4.9805E+02  4.9509E+02  2.6091E+02  4.9066E+02
  1.04607185  1.00000  4.8522E+02  2.5010E+02  4.8522E+02  4.8051E+02  2.5265E+02  4.7642E+02
  1.05659492  1.00000  4.8185E+02  2.4008E+02  4.8185E+02  4.7143E+02  2.4673E+02  4.6766E+02
  1.06722385  1.00000  4.6157E+02  2.2055E+02  4.6157E+02  4.4498E+02  2.3144E+02  4.4164E+02
  1.07795970  1.00000  4.5736E+02  2.0849E+02  4.5736E+02  4.3165E+02  2.2283E+02  4.2861E+02
  1.08880355  1.00000  4.4128E+02  1.8504E+02  4.4128E+02  3.9788E+02  2.0381E+02  3.9528E+02
  1.09975649  1.00000  4.2730E+02  1.3360E+02  4.2730E+02  3.1260E+02  1.5883E+02  3.1082E+02
  1.11081961  1.00000  4.2376E+02  1.2125E+02  4.2376E+02  2.9660E+02  1.5003E+02  2.9506E+02
  1.12199402  1.00000  4.1493E+02  9.7400E+00  4.1493E+02  6.3169E+01  3.1660E+01  6.3002E+01
  1.13328083  1.00000  4.0521E+02  1.1670E+01  4.0521E+02  6.9809E+01  3.4673E+01  6.9627E+01
  1.14468119  1.00000  3.9744E+02  2.6654E+01  3.9744E+02  1.1421E+02  5.6321E+01  1.1388E+02
  1.15619624  1.00000  3.9275E+02  7.7452E+01  3.9275E+02  2.2587E+02  1.1113E+02  2.2502E+02
  1.16782712  1.00000  3.7874E+02  1.3585E+02  3.7874E+02  3.1409E+02  1.5453E+02  3.1261E+02
  1.17957500  1.00000  3.7188E+02  1.3773E+02  3.7188E+02  3.1437E+02  1.5556E+02  3.1293E+02
  1.19144106  1.00000  3.6619E+02  1.4373E+02  3.6619E+02  3.2229E+02  1.5986E+02  3.2085E+02
  1.20342649  1.00000  3.5536E+02  1.3444E+02  3.5536E+02  3.0282E+02  1.5041E+02  3.0153E+02
  1.21553248  1.00000  3.5243E+02  1.4314E+02  3.5243E+02  3.1705E+02  1.5761E+02  3.1572E+02
  1.22776026  1.00000  3.4263E+02  1.5382E+02  3.4263E+02  3.2685E+02  1.6259E+02  3.2549E+02
  1.24011105  1.00000  3.3562E+02  1.5826E+02  3.3562E+02  3.2815E+02  1.6308E+02  3.2680E+02
  1.25258608  1.00000  3.2802E+02  1.4408E+02  3.2802E+02  3.1262E+02  1.5396E+02  3.1143E+02
  1.26518660  1.00000  3.2014E+02  1.1079E+02  3.2014E+02  2.7250E+02  1.3296E+02  2.7160E+02
  1.27791388  1.00000  3.1363E+02  1.2044E+02  3.1363E+02  2.8433E+02  1.3638E+02  2.8340E+02
  1.29076919  1.00000  3.0617E+02  1.1716E+02  3.0617E+02  2.7731E+02  1.3068E+02  2.7643E+02
  1.30375382  1.00000  2.9934E+02  9.7566E+01  2.9934E+02  2.4830E+02  1.1266E+02  2.4758E+02
  1.31686907  1.00000  2.9116E+02  7.3642E+01  2.9116E+02  2.0954E+02  8.9264E+01  2.0900E+02
  1.33011626  1.00000  2.8428E+02  2.2022E+01  2.8428E+02  1.0039E+02  4.0022E+01  1.0022E+02
  1.34349670  1.00000  2.8087E+02  1.8904E+01  2.8087E+02  1.0340E+02  3.7928E+01  1.0324E+02
  1.35701175  1.00000  2.7237E+02  1.7914E-01  2.7237E+02  8.0401E-02  2.6965E-02  8.0288E-02
  1.37066275  1.00000  2.6570E+02  1.5654E-01  2.6570E+02  1.3813E-02  4.2480E-03  1.3792E-02
  1.38445108  1.00000  2.6157E+02  1.5211E-01  2.6157E+02  2.6206E-02  7.3404E-03  2.6170E-02
  1.39837812  1.00000  2.5533E+02  1.6444E-01  2.5533E+02  5.4173E-01  1.4171E-01  5.4111E-01
  1.41244525  1.00000  2.4645E+02  3.4243E-01  2.4645E+02  9.0614E+00  2.1576E+00  9.0527E+00
  1.42665389  1.00000  2.3927E+02  1.4073E+00  2.3927E+02  2.6225E+01  5.8224E+00  2.6201E+01
  1.44100547  1.00000  2.3256E+02  2.1385E+00  2.3256E+02  3.3800E+01  7.2671E+00  3.3770E+01
  1.45550142  1.00000  2.2988E+02  7.5878E+00  2.2988E+02  7.1223E+01  1.5626E+01  7.1150E+01
  1.47014319  1.00000  2.2513E+02  2.4199E+00  2.2513E+02  3.4056E+01  7.9749E+00  3.4027E+01
  1.48493225  1.00000  2.1846E+02  1.0071E+01  2.1846E+02  7.4528E+01  1.9072E+01  7.4453E+01
  1.49987009  1.00000  2.1329E+02  3.8468E+01  2.1329E+02  1.6583E+02  4.5247E+01  1.6560E+02
  1.51495819  1.00000  2.0988E+02  4.6979E+01  2.0988E+02  1.8098E+02  5.3016E+01  1.8072E+02
  1.53019807  1.00000  2.0525E+02  5.5921E+01  2.0525E+02  1.9225E+02  6.0035E+01  1.9197E+02
  1.54559126  1.00000  2.0102E+02  6.2859E+01  2.0102E+02  1.9581E+02  6.4953E+01  1.9553E+02
  1.56113930  1.00000  1.9581E+02  6.5421E+01  1.9581E+02  1.9279E+02  6.6775E+01  1.9251E+02
  1.57684375  1.00000  1.8418E+02  5.6762E+01  1.8418E+02  1.7001E+02  6.1329E+01  1.6978E+02
  1.59270618  1.00000  1.8242E+02  6.3840E+01  1.8242E+02  1.7807E+02  6.5997E+01  1.7783E+02
  1.60872818  1.00000  1.7868E+02  5.7787E+01  1.7868E+02  1.6496E+02  6.2479E+01  1.6475E+02
  1.62491135  1.00000  1.7621E+02  6.5941E+01  1.7621E+02  1.7427E+02  6.6913E+01  1.7405E+02
  1.64125732  1.00000  1.6527E+02  5.8808E+01  1.6527E+02  1.5879E+02  6.1730E+01  1.5860E+02
  1.65776772  1.00000  1.6613E+02  5.9638E+01  1.6613E+02  1.6056E+02  6.2299E+01  1.6038E+02
  1.67444421  1.00000  1.5797E+02  5.6726E+01  1.5797E+02  1.5338E+02  5.8964E+01  1.5321E+02
  1.69128846  1.00000  1.5466E+02  5.3610E+01  1.5466E+02  1.4862E+02  5.6401E+01  1.4847E+02
  1.70830216  1.00000  1.4892E+02  4.9158E+01  1.4892E+02  1.4086E+02  5.2588E+01  1.4072E+02
  1.72548701  1.00000  1.4276E+02  4.3551E+01  1.4276E+02  1.3042E+02  4.7982E+01  1.3030E+02
  1.74284473  1.00000  1.3764E+02  3.8020E+01  1.3764E+02  1.1873E+02  4.3335E+01  1.1862E+02
  1.76037706  1.00000  1.3403E+02  3.4663E+01  1.3403E+02  1.1172E+02  4.0315E+01  1.1163E+02
  1.77808576  1.00000  1.2943E+02  2.0811E+01  1.2943E+02  7.9596E+01  2.8317E+01  7.9544E+01
  1.79597260  1.00000  1.2567E+02  6.5097E+00  1.2567E+02  4.0395E+01  1.4009E+01  4.0377E+01
  1.81403938  1.00000  1.1872E+02  1.2806E-01  1.1872E+02  4.0169E+00  1.3681E+00  4.0155E+00
  1.83228790  1.00000  1.1650E+02  2.2492E-02  1.1650E+02  1.0204E-02  3.3728E-03  1.0199E-02
  1.85072000  1.00000  1.1274E+02  1.9862E-02  1.1274E+02  1.4190E-03  4.1533E-04  1.4183E-03
  1.86933751  1.00000  1.0467E+02  1.6069E-02  1.0467E+02  7.9663E-05  1.2882E-05  7.9620E-05
  1.88814231  1.00000  1.0357E+02  1.9766E-02  1.0357E+02  1.3491E-01  1.5391E-02  1.3486E-01
  1.90713628  1.00000  1.0111E+02  1.7055E-02  1.0111E+02  2.0522E-02  1.8500E-03  2.0514E-02
  1.92632132  1.00000  9.7052E+01  2.0099E-02  9.7052E+01  8.4608E-01  7.1071E-02  8.4584E-01
  1.94569936  1.00000  8.9011E+01  2.6203E-01  8.9011E+01  1.1497E+01  1.0099E+00  1.1494E+01
  1.96527233  1.00000  9.0793E+01  1.9695E+00  9.0793E+01  3.2636E+01  3.7240E+00  3.2626E+01
  1.98504220  1.00000  8.7318E+01  6.4762E+00  8.7318E+01  6.0323E+01  8.0868E+00  6.0300E+01
  2.00501094  1.00000  8.4950E+01  1.1782E+00  8.4950E+01  1.9684E+01  3.0712E+00  1.9679E+01
  2.02518056  1.00000  8.1506E+01  7.0339E+00  8.1506E+01  5.3835E+01  9.3694E+00  5.3816E+01
  2.04555308  1.00000  7.8918E+01  8.8292E+00  7.8918E+01  5.8371E+01  1.0812E+01  5.8349E+01
  2.06613054  1.00000  7.5844E+01  6.7767E+00  7.5844E+01  4.7623E+01  9.3667E+00  4.7608E+01
  2.08691500  1.00000  7.3144E+01  1.1300E+01  7.3144E+01  6.1534E+01  1.2894E+01  6.1512E+01
  2.10790854  1.00000  7.0992E+01  1.2870E+01  7.0992E+01  6.4650E+01  1.4105E+01  6.4627E+01
  2.12911328  1.00000  6.8309E+01  1.3765E+01  6.8309E+01  6.4849E+01  1.4687E+01  6.4826E+01
  2.15053132  1.00000  6.6034E+01  1.2888E+01  6.6034E+01  6.0114E+01  1.4254E+01  6.0094E+01
  2.17216482  1.00000  6.2665E+01  1.2609E+01  6.2665E+01  5.7385E+01  1.3913E+01  5.7366E+01
  2.19401594  1.00000  6.1214E+01  1.2022E+01  6.1214E+01  5.4526E+01  1.3502E+01  5.4509E+01
  2.21608688  1.00000  5.9076E+01  1.2350E+01  5.9076E+01  5.5419E+01  1.3364E+01  5.5402E+01
  2.23837984  1.00000  5.7018E+01  1.0675E+01  5.7018E+01  5.2464E+01  1.1716E+01  5.2449E+01
  2.26089706  1.00000  5.4820E+01  8.8465E+00  5.4820E+01  4.8264E+01  9.9091E+00  4.8252E+01
  2.28364080  1.00000  5.2720E+01  7.6660E+00  5.2720E+01  4.6219E+01  8.6486E+00  4.6207E+01
  2.30661332  1.00000  5.0948E+01  6.5188E+00  5.0948E+01  4.3970E+01  7.4200E+00  4.3959E+01
  2.32981695  1.00000  4.8614E+01  5.2686E+00  4.8614E+01  4.0540E+01  6.0892E+00  4.0531E+01
  2.35325399  1.00000  4.6958E+01  3.7701E+00  4.6958E+01  3.4782E+01  4.5729E+00  3.4774E+01
  2.37692680  1.00000  4.5087E+01  2.5152E+00  4.5087E+01  2.9372E+01  3.3064E+00  2.9365E+01
  2.40083775  1.00000  4.3761E+01  2.1075E+00  4.3761E+01  2.9253E+01  2.7341E+00  2.9247E+01
  2.42498923  1.00000  4.2019E+01  1.3643E+00  4.2019E+01  2.5662E+01  1.9039E+00  2.5656E+01
  2.44938367  1.00000  4.0109E+01  5.2867E-01  4.0109E+01  1.7123E+01  9.3871E-01  1.7118E+01
  2.47402350  1.00000  3.8867E+01  1.9479E-01  3.8867E+01  1.2000E+01  4.2407E-01  1.1995E+01
  2.49891121  1.00000  3.7735E+01  2.4039E-02  3.7735E+01  5.0056E+00  8.2362E-02  4.9993E+00
  2.52404927  1.00000  3.6442E+01  3.6102E-03  3.6442E+01  1.6140E-01  1.0856E-02  1.5301E-01
  2.54944021  1.00000  3.4931E+01  2.2242E-03  3.4931E+01  1.0422E-02  1.0809E-02  9.8014E-06
  2.57508658  1.00000  3.3791E+01  1.4235E-03  3.3791E+01  1.2444E-02  1.2500E-02  6.2746E-33
  2.60099094  1.00000  3.2570E+01  1.1210E-03  3.2570E+01  1.4394E-02  1.4423E-02  0.0000E+00
  2.62715588  1.00000  3.0876E+01  1.2033E-03  3.0876E+01  1.6558E-02  1.6610E-02  1.4013E-45
  2.65358404  1.00000  3.0037E+01  1.2489E-03  3.0037E+01  1.9019E-02  1.9092E-02  1.3854E-38
  2.68027805  1.00000  2.9201E+01  4.4355E-04  2.9201E+01  2.1857E-02  2.1903E-02  0.0000E+00
  2.70724059  1.00000  2.8221E+01  5.5206E-04  2.8221E+01  2.4991E-02  2.5082E-02  0.0000E+00
  2.73447437  1.00000  2.7175E+01  1.0564E-03  2.7175E+01  2.8529E-02  2.8668E-02  4.6747E-31
  2.76198210  1.00000  2.5999E+01  5.7689E-04  2.5999E+01  3.2583E-02  3.2708E-02  0.0000E+00
  2.78976656  1.00000  2.5278E+01  8.8972E-04  2.5278E+01  3.6852E-02  3.7249E-02  1.2953E-13
  2.81783051  1.00000  2.4365E+01  2.6785E-03  2.4365E+01  4.0493E-02  4.2345E-02  2.5600E-04
  2.84617678  1.00000  2.3452E+01  5.1582E-03  2.3452E+01  5.7855E-02  4.8052E-02  1.3351E-02
  2.87480820  1.00000  2.2415E+01  1.1633E-02  2.2415E+01  5.4462E-01  5.4434E-02  4.9803E-01
  2.90372763  1.00000  2.1769E+01  1.9025E-02  2.1769E+01  1.5655E+00  6.1555E-02  1.5159E+00
  2.93293799  1.00000  2.0938E+01  3.2523E-02  2.0938E+01  4.4256E+00  6.9488E-02  4.3793E+00
  2.96244220  1.00000  2.0207E+01  3.5214E-02  2.0207E+01  4.1093E+00  7.8310E-02  4.0560E+00
  2.99224320  1.00000  1.9425E+01  4.8820E-02  1.9425E+01  6.3416E+00  8.8103E-02  6.2919E+00
  3.02234399  1.00000  1.8665E+01  4.7267E-02  1.8665E+01  4.3427E+00  9.8955E-02  4.2778E+00
  3.05274758  1.00000  1.7959E+01  4.2396E-02  1.7959E+01  2.4063E+00  1.1096E-01  2.3222E+00
  3.08345702  1.00000  1.7351E+01  5.0580E-02  1.7351E+01  2.7049E+00  1.2422E-01  2.6134E+00
  3.11447538  1.00000  1.6679E+01  6.0429E-02  1.6679E+01  3.0969E+00  1.3883E-01  2.9987E+00
  3.14580578  1.00000  1.6068E+01  8.8202E-02  1.6068E+01  5.6567E+00  1.5492E-01  5.5719E+00
  3.17745135  1.00000  1.5502E+01  1.1485E-01  1.5502E+01  7.7392E+00  1.7260E-01  7.6672E+00
  3.20941526  1.00000  1.4912E+01  5.2169E-02  1.4912E+01  9.3878E-01  1.9199E-01  7.7937E-01
  3.24170072  1.00000  1.4353E+01  9.0472E-02  1.4353E+01  3.0048E+00  2.1322E-01  2.8610E+00
  3.27431095  1.00000  1.3775E+01  1.1863E-01  1.3775E+01  4.0658E+00  2.3645E-01  3.9261E+00
  3.30724923  1.00000  1.3205E+01  9.6701E-02  1.3205E+01  2.4711E+00  2.6179E-01  2.2893E+00
  3.34051886  1.00000  1.2797E+01  1.6392E-01  1.2797E+01  4.9029E+00  2.8942E-01  4.7528E+00
  3.37412316  1.00000  1.2309E+01  2.0943E-01  1.2309E+01  6.5015E+00  3.1949E-01  6.3768E+00
  3.40806551  1.00000  1.1810E+01  2.5803E-01  1.1810E+01  7.6312E+00  3.5216E-01  7.5302E+00
  3.44234931  1.00000  1.1417E+01  3.0711E-01  1.1417E+01  8.2928E+00  3.8759E-01  8.2118E+00
  3.47697799  1.00000  1.0995E+01  3.4548E-01  1.0995E+01  8.2533E+00  4.2598E-01  8.1740E+00
  3.51195502  1.00000  1.0590E+01  3.9351E-01  1.0590E+01  8.2040E+00  4.6749E-01  8.1234E+00
  3.54728391  1.00000  1.0176E+01  4.0173E-01  1.0176E+01  7.0963E+00  5.1232E-01  6.9639E+00
  3.58296819  1.00000  9.7968E+00  4.3928E-01  9.7968E+00  6.8658E+00  5.6065E-01  6.7214E+00
  3.61901144  1.00000  9.4490E+00  5.2255E-01  9.4490E+00  7.4716E+00  6.1269E-01  7.3706E+00
  3.65541727  1.00000  9.0503E+00  5.7815E-01  9.0503E+00  7.2758E+00  6.6863E-01  7.1724E+00
  3.69218933  1.00000  8.6641E+00  6.3159E-01  8.6641E+00  6.9795E+00  7.2869E-01  6.8661E+00
  3.72933130  1.00000  8.3016E+00  6.9403E-01  8.3016E+00  6.8227E+00  7.9306E-01  6.7105E+00
  3.76684691  1.00000  8.0309E+00  7.4675E-01  8.0309E+00  6.4827E+00  8.6196E-01  6.3467E+00
  3.80473991  1.00000  7.7630E+00  8.2619E-01  7.7630E+00  6.4994E+00  9.3561E-01  6.3770E+00
  3.84301409  1.00000  7.4896E+00  8.9044E-01  7.4896E+00  6.2999E+00  1.0142E+00  6.1708E+00
  3.88167330  1.00000  7.1953E+00  8.9502E-01  7.1953E+00  5.6318E+00  1.0980E+00  5.4435E+00
  3.92072141  1.00000  6.9352E+00  9.9639E-01  6.9352E+00  5.6564E+00  1.1872E+00  5.4876E+00
  3.96016232  1.00000  6.6632E+00  1.1414E+00  6.6632E+00  5.8240E+00  1.2819E+00  5.7024E+00
  4.00000000  1.00000  6.3869E+00  1.1783E+00  6.3869E+00  5.4419E+00  1.3566E+00  5.2900E+00
