
"tbf
              1
 11.00000000  1.00000  4.4428E-14  1.4215E+01  0.0000E+00  3.4943E-01  1.4208E+01  0.0000E+00

"tbf
              1
 11.00000000  1.00000  2.7819E-12  1.4288E+01  0.0000E+00  4.0538E-01  1.4225E+01  0.0000E+00

"tbf
              1
 11.00000000  1.00000 -2.3347E-12  1.4540E+01  0.0000E+00  8.1818E-01  1.4349E+01  0.0000E+00

"tbf
              1
 11.00000000  1.00000  1.2671E-12  1.4885E+01  0.0000E+00  1.3926E+00  1.4521E+01  0.0000E+00

"tbf
              1
 11.00000000  1.00000 -3.0187E-12  1.5301E+01  0.0000E+00  2.1097E+00  1.4736E+01  0.0000E+00

"tbf
              1
 11.00000000  1.00000 -1.7619E-12  1.5766E+01  0.0000E+00  2.9472E+00  1.4988E+01  0.0000E+00

"tbf
              1
 11.00000000  1.00000  8.7503E-13  1.6258E+01  0.0000E+00  3.8809E+00  1.5268E+01  0.0000E+00

"tbf
              1
 11.00000000  1.00000  2.9441E-12  1.6756E+01  0.0000E+00  4.8866E+00  1.5569E+01  0.0000E+00

"tbf
              1
 11.00000000  1.00000  2.8693E-12  1.7240E+01  0.0000E+00  5.9408E+00  1.5886E+01  0.0000E+00

"tbf
              1
 11.00000000  1.00000  9.0263E-13  1.7698E+01  0.0000E+00  7.0223E+00  1.6210E+01  0.0000E+00

"tbf
              1
 11.00000000  1.00000  2.0238E-12  1.8118E+01  0.0000E+00  8.1124E+00  1.6537E+01  0.0000E+00

"tbf
              1
 11.00000000  1.00000  3.5838E-12  1.8494E+01  0.0000E+00  9.1956E+00  1.6862E+01  0.0000E+00

"tbf
              1
 11.00000000  1.00000  1.4561E-13  1.8822E+01  0.0000E+00  1.0260E+01  1.7181E+01  0.0000E+00

"tbf
              1
 11.00000000  1.00000  4.5864E-13  1.9102E+01  0.0000E+00  1.1295E+01  1.7492E+01  0.0000E+00

"tbf
              1
 11.00000000  1.00000 -1.4273E-12  1.9335E+01  0.0000E+00  1.2294E+01  1.7792E+01  0.0000E+00

"tbf
              1
 11.00000000  1.00000 -4.4969E-12  1.9523E+01  0.0000E+00  1.3253E+01  1.8079E+01  0.0000E+00

"tbf
              1
 11.00000000  1.00000  9.6139E-13  1.9670E+01  0.0000E+00  1.4168E+01  1.8354E+01  0.0000E+00
