
"tbf
              1
 11.00000000  1.00000  1.9061E-13  1.6741E+01  0.0000E+00  3.4944E-01  1.6796E+01  0.0000E+00

"tbf
              1
 11.00000000  1.00000  5.4189E-13  1.6815E+01  0.0000E+00  4.0538E-01  1.6813E+01  0.0000E+00

"tbf
              1
 11.00000000  1.00000 -3.4208E-12  1.7018E+01  0.0000E+00  8.1818E-01  1.6937E+01  0.0000E+00

"tbf
              1
 11.00000000  1.00000 -1.5804E-12  1.7294E+01  0.0000E+00  1.3926E+00  1.7109E+01  0.0000E+00

"tbf
              1
 11.00000000  1.00000 -1.2768E-12  1.7626E+01  0.0000E+00  2.1097E+00  1.7324E+01  0.0000E+00

"tbf
              1
 11.00000000  1.00000  3.1011E-13  1.7993E+01  0.0000E+00  2.9472E+00  1.7575E+01  0.0000E+00

"tbf
              1
 11.00000000  1.00000 -1.1993E-12  1.8376E+01  0.0000E+00  3.8809E+00  1.7856E+01  0.0000E+00

"tbf
              1
 11.00000000  1.00000 -1.4577E-12  1.8757E+01  0.0000E+00  4.8866E+00  1.8157E+01  0.0000E+00

"tbf
              1
 11.00000000  1.00000  4.1537E-13  1.9120E+01  0.0000E+00  5.9408E+00  1.8474E+01  0.0000E+00

"tbf
              1
 11.00000000  1.00000  5.7483E-13  1.9454E+01  0.0000E+00  7.0223E+00  1.8798E+01  0.0000E+00

"tbf
              1
 11.00000000  1.00000  2.4892E-13  1.9750E+01  0.0000E+00  8.1124E+00  1.9125E+01  0.0000E+00

"tbf
              1
 11.00000000  1.00000 -1.2873E-13  2.0004E+01  0.0000E+00  9.1956E+00  1.9450E+01  0.0000E+00

"tbf
              1
 11.00000000  1.00000 -5.5355E-13  2.0213E+01  0.0000E+00  1.0260E+01  1.9769E+01  0.0000E+00

"tbf
              1
 11.00000000  1.00000  1.2463E-12  2.0379E+01  0.0000E+00  1.1295E+01  2.0080E+01  0.0000E+00

"tbf
              1
 11.00000000  1.00000 -2.3646E-12  2.0501E+01  0.0000E+00  1.2294E+01  2.0380E+01  0.0000E+00

"tbf
              1
 11.00000000  1.00000 -3.3963E-12  2.0585E+01  0.0000E+00  1.3253E+01  2.0667E+01  0.0000E+00

"tbf
              1
 11.00000000  1.00000  2.1044E-12  2.0632E+01  0.0000E+00  1.4168E+01  2.0942E+01  0.0000E+00
