
"tbf
              1
 11.00000000  1.00000  1.1403E-13  1.9516E+01  0.0000E+00  3.4944E-01  1.9639E+01  0.0000E+00

"tbf
              1
 11.00000000  1.00000  9.6453E-14  1.9592E+01  0.0000E+00  4.0538E-01  1.9656E+01  0.0000E+00

"tbf
              1
 11.00000000  1.00000  2.4392E-12  1.9740E+01  0.0000E+00  8.1819E-01  1.9780E+01  0.0000E+00

"tbf
              1
 11.00000000  1.00000 -1.1517E-12  1.9941E+01  0.0000E+00  1.3926E+00  1.9952E+01  0.0000E+00

"tbf
              1
 11.00000000  1.00000 -1.6040E-12  2.0180E+01  0.0000E+00  2.1097E+00  2.0168E+01  0.0000E+00

"tbf
              1
 11.00000000  1.00000  1.1480E-12  2.0440E+01  0.0000E+00  2.9472E+00  2.0419E+01  0.0000E+00

"tbf
              1
 11.00000000  1.00000  1.9816E-12  2.0703E+01  0.0000E+00  3.8809E+00  2.0699E+01  0.0000E+00

"tbf
              1
 11.00000000  1.00000 -8.2361E-13  2.0956E+01  0.0000E+00  4.8866E+00  2.1001E+01  0.0000E+00

"tbf
              1
 11.00000000  1.00000  1.7383E-12  2.1186E+01  0.0000E+00  5.9408E+00  2.1317E+01  0.0000E+00

"tbf
              1
 11.00000000  1.00000 -2.6090E-12  2.1384E+01  0.0000E+00  7.0223E+00  2.1641E+01  0.0000E+00

"tbf
              1
 11.00000000  1.00000  1.0347E-12  2.1544E+01  0.0000E+00  8.1124E+00  2.1968E+01  0.0000E+00

"tbf
              1
 11.00000000  1.00000  2.4662E-12  2.1664E+01  0.0000E+00  9.1956E+00  2.2293E+01  0.0000E+00

"tbf
              1
 11.00000000  1.00000 -3.9283E-13  2.1742E+01  0.0000E+00  1.0260E+01  2.2612E+01  0.0000E+00

"tbf
              1
 11.00000000  1.00000  1.6099E-13  2.1781E+01  0.0000E+00  1.1295E+01  2.2923E+01  0.0000E+00

"tbf
              1
 11.00000000  1.00000 -7.4938E-13  2.1783E+01  0.0000E+00  1.2294E+01  2.3223E+01  0.0000E+00

"tbf
              1
 11.00000000  1.00000 -2.0105E-12  2.1751E+01  0.0000E+00  1.3253E+01  2.3511E+01  0.0000E+00

"tbf
              1
 11.00000000  1.00000 -1.1144E-12  2.1689E+01  0.0000E+00  1.4168E+01  2.3785E+01  0.0000E+00
