
"tbf
              1
 11.00000000  1.00000  3.2311E-13  1.8097E+01  0.0000E+00  3.4944E-01  1.8186E+01  0.0000E+00

"tbf
              1
 11.00000000  1.00000 -1.7817E-12  1.8172E+01  0.0000E+00  4.0538E-01  1.8203E+01  0.0000E+00

"tbf
              1
 11.00000000  1.00000 -8.2676E-15  1.8348E+01  0.0000E+00  8.1819E-01  1.8326E+01  0.0000E+00

"tbf
              1
 11.00000000  1.00000 -1.2702E-12  1.8588E+01  0.0000E+00  1.3926E+00  1.8499E+01  0.0000E+00

"tbf
              1
 11.00000000  1.00000 -1.1825E-12  1.8874E+01  0.0000E+00  2.1097E+00  1.8714E+01  0.0000E+00

"tbf
              1
 11.00000000  1.00000  2.8755E-12  1.9189E+01  0.0000E+00  2.9472E+00  1.8965E+01  0.0000E+00

"tbf
              1
 11.00000000  1.00000 -4.6978E-13  1.9513E+01  0.0000E+00  3.8809E+00  1.9245E+01  0.0000E+00

"tbf
              1
 11.00000000  1.00000 -8.3300E-14  1.9832E+01  0.0000E+00  4.8866E+00  1.9547E+01  0.0000E+00

"tbf
              1
 11.00000000  1.00000  2.6509E-12  2.0130E+01  0.0000E+00  5.9408E+00  1.9863E+01  0.0000E+00

"tbf
              1
 11.00000000  1.00000 -7.0013E-13  2.0397E+01  0.0000E+00  7.0223E+00  2.0188E+01  0.0000E+00

"tbf
              1
 11.00000000  1.00000 -4.0623E-13  2.0627E+01  0.0000E+00  8.1124E+00  2.0515E+01  0.0000E+00

"tbf
              1
 11.00000000  1.00000  5.3165E-13  2.0815E+01  0.0000E+00  9.1956E+00  2.0840E+01  0.0000E+00

"tbf
              1
 11.00000000  1.00000  9.8480E-13  2.0961E+01  0.0000E+00  1.0260E+01  2.1159E+01  0.0000E+00

"tbf
              1
 11.00000000  1.00000 -4.7432E-13  2.1064E+01  0.0000E+00  1.1295E+01  2.1469E+01  0.0000E+00

"tbf
              1
 11.00000000  1.00000 -1.3566E-12  2.1128E+01  0.0000E+00  1.2294E+01  2.1769E+01  0.0000E+00

"tbf
              1
 11.00000000  1.00000 -6.4179E-13  2.1155E+01  0.0000E+00  1.3253E+01  2.2057E+01  0.0000E+00

"tbf
              1
 11.00000000  1.00000 -3.4984E-13  2.1148E+01  0.0000E+00  1.4168E+01  2.2331E+01  0.0000E+00
