
"tbf
              1
 11.00000000  1.00000  3.0853E-13  1.5447E+01  0.0000E+00  3.4944E-01  1.5470E+01  0.0000E+00

"tbf
              1
 11.00000000  1.00000  1.4738E-12  1.5521E+01  0.0000E+00  4.0538E-01  1.5487E+01  0.0000E+00

"tbf
              1
 11.00000000  1.00000 -2.0741E-12  1.5749E+01  0.0000E+00  8.1818E-01  1.5611E+01  0.0000E+00

"tbf
              1
 11.00000000  1.00000 -1.0226E-12  1.6060E+01  0.0000E+00  1.3926E+00  1.5783E+01  0.0000E+00

"tbf
              1
 11.00000000  1.00000 -2.2289E-13  1.6435E+01  0.0000E+00  2.1097E+00  1.5998E+01  0.0000E+00

"tbf
              1
 11.00000000  1.00000 -8.6736E-14  1.6852E+01  0.0000E+00  2.9472E+00  1.6250E+01  0.0000E+00

"tbf
              1
 11.00000000  1.00000  8.3565E-13  1.7291E+01  0.0000E+00  3.8809E+00  1.6530E+01  0.0000E+00

"tbf
              1
 11.00000000  1.00000  2.7283E-12  1.7732E+01  0.0000E+00  4.8866E+00  1.6831E+01  0.0000E+00

"tbf
              1
 11.00000000  1.00000  3.1627E-12  1.8157E+01  0.0000E+00  5.9408E+00  1.7148E+01  0.0000E+00

"tbf
              1
 11.00000000  1.00000  2.6648E-12  1.8554E+01  0.0000E+00  7.0223E+00  1.7472E+01  0.0000E+00

"tbf
              1
 11.00000000  1.00000  5.6605E-13  1.8914E+01  0.0000E+00  8.1124E+00  1.7799E+01  0.0000E+00

"tbf
              1
 11.00000000  1.00000  2.3570E-12  1.9230E+01  0.0000E+00  9.1956E+00  1.8124E+01  0.0000E+00

"tbf
              1
 11.00000000  1.00000  1.6471E-12  1.9501E+01  0.0000E+00  1.0260E+01  1.8443E+01  0.0000E+00

"tbf
              1
 11.00000000  1.00000 -3.3178E-13  1.9725E+01  0.0000E+00  1.1295E+01  1.8754E+01  0.0000E+00

"tbf
              1
 11.00000000  1.00000 -5.6319E-13  1.9904E+01  0.0000E+00  1.2294E+01  1.9054E+01  0.0000E+00

"tbf
              1
 11.00000000  1.00000 -1.4797E-12  2.0041E+01  0.0000E+00  1.3253E+01  1.9341E+01  0.0000E+00

"tbf
              1
 11.00000000  1.00000  3.7898E-13  2.0139E+01  0.0000E+00  1.4168E+01  1.9616E+01  0.0000E+00
