
"tbf
              1
 11.00000000  1.00000  1.9250E-13  1.3045E+01  0.0000E+00  3.4943E-01  1.3010E+01  0.0000E+00

"tbf
              1
 11.00000000  1.00000  1.5134E-12  1.3118E+01  0.0000E+00  4.0538E-01  1.3027E+01  0.0000E+00

"tbf
              1
 11.00000000  1.00000  1.2158E-12  1.3393E+01  0.0000E+00  8.1818E-01  1.3150E+01  0.0000E+00

"tbf
              1
 11.00000000  1.00000 -1.5481E-12  1.3769E+01  0.0000E+00  1.3926E+00  1.3323E+01  0.0000E+00

"tbf
              1
 11.00000000  1.00000  1.8085E-12  1.4224E+01  0.0000E+00  2.1097E+00  1.3538E+01  0.0000E+00

"tbf
              1
 11.00000000  1.00000 -5.2980E-13  1.4735E+01  0.0000E+00  2.9472E+00  1.3789E+01  0.0000E+00

"tbf
              1
 11.00000000  1.00000  1.3139E-12  1.5277E+01  0.0000E+00  3.8809E+00  1.4069E+01  0.0000E+00

"tbf
              1
 11.00000000  1.00000 -6.9355E-13  1.5829E+01  0.0000E+00  4.8866E+00  1.4371E+01  0.0000E+00

"tbf
              1
 11.00000000  1.00000  9.9587E-13  1.6369E+01  0.0000E+00  5.9408E+00  1.4687E+01  0.0000E+00

"tbf
              1
 11.00000000  1.00000  1.8430E-12  1.6884E+01  0.0000E+00  7.0223E+00  1.5012E+01  0.0000E+00

"tbf
              1
 11.00000000  1.00000  1.2967E-12  1.7362E+01  0.0000E+00  8.1124E+00  1.5339E+01  0.0000E+00

"tbf
              1
 11.00000000  1.00000 -2.1001E-13  1.7794E+01  0.0000E+00  9.1956E+00  1.5664E+01  0.0000E+00

"tbf
              1
 11.00000000  1.00000 -3.9754E-13  1.8178E+01  0.0000E+00  1.0260E+01  1.5983E+01  0.0000E+00

"tbf
              1
 11.00000000  1.00000 -8.5942E-14  1.8511E+01  0.0000E+00  1.1295E+01  1.6293E+01  0.0000E+00

"tbf
              1
 11.00000000  1.00000  9.9615E-13  1.8795E+01  0.0000E+00  1.2294E+01  1.6593E+01  0.0000E+00

"tbf
              1
 11.00000000  1.00000 -3.1884E-12  1.9032E+01  0.0000E+00  1.3253E+01  1.6881E+01  0.0000E+00

"tbf
              1
 11.00000000  1.00000  2.4249E-12  1.9224E+01  0.0000E+00  1.4168E+01  1.7155E+01  0.0000E+00
