
"tbf
              1
 11.00000000  1.00000  4.2553E-14  2.0998E+01  0.0000E+00  3.4944E-01  2.1157E+01  0.0000E+00

"tbf
              1
 11.00000000  1.00000  4.8947E-13  2.1074E+01  0.0000E+00  4.0538E-01  2.1174E+01  0.0000E+00

"tbf
              1
 11.00000000  1.00000  1.7033E-12  2.1193E+01  0.0000E+00  8.1819E-01  2.1298E+01  0.0000E+00

"tbf
              1
 11.00000000  1.00000  1.0876E-12  2.1354E+01  0.0000E+00  1.3926E+00  2.1470E+01  0.0000E+00

"tbf
              1
 11.00000000  1.00000 -1.4028E-12  2.1544E+01  0.0000E+00  2.1097E+00  2.1685E+01  0.0000E+00

"tbf
              1
 11.00000000  1.00000  5.1486E-12  2.1746E+01  0.0000E+00  2.9472E+00  2.1936E+01  0.0000E+00

"tbf
              1
 11.00000000  1.00000  2.1266E-12  2.1945E+01  0.0000E+00  3.8809E+00  2.2217E+01  0.0000E+00

"tbf
              1
 11.00000000  1.00000 -1.3402E-12  2.2130E+01  0.0000E+00  4.8866E+00  2.2518E+01  0.0000E+00

"tbf
              1
 11.00000000  1.00000  3.1201E-12  2.2289E+01  0.0000E+00  5.9408E+00  2.2835E+01  0.0000E+00

"tbf
              1
 11.00000000  1.00000  1.0291E-12  2.2414E+01  0.0000E+00  7.0223E+00  2.3159E+01  0.0000E+00

"tbf
              1
 11.00000000  1.00000 -1.3909E-12  2.2502E+01  0.0000E+00  8.1124E+00  2.3486E+01  0.0000E+00

"tbf
              1
 11.00000000  1.00000 -1.1493E-13  2.2550E+01  0.0000E+00  9.1956E+00  2.3811E+01  0.0000E+00

"tbf
              1
 11.00000000  1.00000 -1.6559E-12  2.2558E+01  0.0000E+00  1.0260E+01  2.4130E+01  0.0000E+00

"tbf
              1
 11.00000000  1.00000  1.3521E-12  2.2530E+01  0.0000E+00  1.1295E+01  2.4441E+01  0.0000E+00

"tbf
              1
 11.00000000  1.00000 -3.8987E-13  2.2467E+01  0.0000E+00  1.2294E+01  2.4740E+01  0.0000E+00

"tbf
              1
 11.00000000  1.00000 -3.0662E-13  2.2373E+01  0.0000E+00  1.3253E+01  2.5028E+01  0.0000E+00

"tbf
              1
 11.00000000  1.00000 -9.0143E-13  2.2253E+01  0.0000E+00  1.4168E+01  2.5303E+01  0.0000E+00
