
"tbf
              1
  3.90000000  1.00000  1.1649E-10  1.2084E+00  0.0000E+00  7.6455E-02  1.3479E+00  0.0000E+00

"tbf
              1
  3.90000000  1.00000 -2.0022E-10  1.2057E+00  0.0000E+00  8.1069E-02  1.3493E+00  0.0000E+00

"tbf
              1
  3.90000000  1.00000  9.6708E-10  1.2033E+00  0.0000E+00  8.5474E-02  1.3506E+00  0.0000E+00

"tbf
              1
  3.90000000  1.00000 -8.1762E-10  1.2008E+00  0.0000E+00  8.9916E-02  1.3519E+00  0.0000E+00

"tbf
              1
  3.90000000  1.00000 -1.0087E-09  1.1983E+00  0.0000E+00  9.4419E-02  1.3533E+00  0.0000E+00

"tbf
              1
  3.90000000  1.00000  9.1658E-10  1.1958E+00  0.0000E+00  9.8990E-02  1.3547E+00  0.0000E+00

"tbf
              1
  3.90000000  1.00000  1.6838E-09  1.1932E+00  0.0000E+00  1.0363E-01  1.3561E+00  0.0000E+00

"tbf
              1
  3.90000000  1.00000  9.1229E-11  1.1906E+00  0.0000E+00  1.0835E-01  1.3575E+00  0.0000E+00

"tbf
              1
  3.90000000  1.00000  1.0346E-09  1.1880E+00  0.0000E+00  1.1313E-01  1.3589E+00  0.0000E+00

"tbf
              1
  3.90000000  1.00000 -4.1662E-10  1.1853E+00  0.0000E+00  1.1799E-01  1.3604E+00  0.0000E+00

"tbf
              1
  3.90000000  1.00000 -5.7999E-10  1.1826E+00  0.0000E+00  1.2291E-01  1.3618E+00  0.0000E+00

"tbf
              1
  3.90000000  1.00000  1.2743E-09  1.1799E+00  0.0000E+00  1.2790E-01  1.3633E+00  0.0000E+00

"tbf
              1
  3.90000000  1.00000  5.3085E-10  1.1771E+00  0.0000E+00  1.3296E-01  1.3649E+00  0.0000E+00

"tbf
              1
  3.90000000  1.00000  1.6122E-09  1.1742E+00  0.0000E+00  1.3807E-01  1.3664E+00  0.0000E+00

"tbf
              1
  3.90000000  1.00000 -2.4826E-10  1.1713E+00  0.0000E+00  1.4325E-01  1.3679E+00  0.0000E+00

"tbf
              1
  3.90000000  1.00000  8.2401E-10  1.1684E+00  0.0000E+00  1.4849E-01  1.3695E+00  0.0000E+00

"tbf
              1
  3.90000000  1.00000 -7.4363E-10  1.1655E+00  0.0000E+00  1.5379E-01  1.3711E+00  0.0000E+00
