
"tbf
              1
  3.90000000  1.00000  5.5793E-10  4.5204E-01  0.0000E+00  7.6430E-02  4.5613E-01  0.0000E+00

"tbf
              1
  3.90000000  1.00000 -2.2332E-10  4.5449E-01  0.0000E+00  8.1045E-02  4.5751E-01  0.0000E+00

"tbf
              1
  3.90000000  1.00000 -5.8844E-10  4.5687E-01  0.0000E+00  8.5450E-02  4.5884E-01  0.0000E+00

"tbf
              1
  3.90000000  1.00000 -1.7325E-09  4.5926E-01  0.0000E+00  8.9893E-02  4.6017E-01  0.0000E+00

"tbf
              1
  3.90000000  1.00000  5.1725E-10  4.6167E-01  0.0000E+00  9.4396E-02  4.6152E-01  0.0000E+00

"tbf
              1
  3.90000000  1.00000 -5.0719E-10  4.6410E-01  0.0000E+00  9.8967E-02  4.6289E-01  0.0000E+00

"tbf
              1
  3.90000000  1.00000  1.1938E-09  4.6655E-01  0.0000E+00  1.0361E-01  4.6428E-01  0.0000E+00

"tbf
              1
  3.90000000  1.00000  5.6924E-10  4.6902E-01  0.0000E+00  1.0832E-01  4.6570E-01  0.0000E+00

"tbf
              1
  3.90000000  1.00000 -9.2471E-11  4.7151E-01  0.0000E+00  1.1311E-01  4.6713E-01  0.0000E+00

"tbf
              1
  3.90000000  1.00000 -9.2262E-10  4.7401E-01  0.0000E+00  1.1796E-01  4.6859E-01  0.0000E+00

"tbf
              1
  3.90000000  1.00000  4.0648E-10  4.7652E-01  0.0000E+00  1.2289E-01  4.7007E-01  0.0000E+00

"tbf
              1
  3.90000000  1.00000  8.3888E-10  4.7904E-01  0.0000E+00  1.2788E-01  4.7156E-01  0.0000E+00

"tbf
              1
  3.90000000  1.00000 -4.5636E-10  4.8158E-01  0.0000E+00  1.3293E-01  4.7308E-01  0.0000E+00

"tbf
              1
  3.90000000  1.00000  2.3391E-09  4.8411E-01  0.0000E+00  1.3805E-01  4.7462E-01  0.0000E+00

"tbf
              1
  3.90000000  1.00000 -1.5018E-09  4.8665E-01  0.0000E+00  1.4323E-01  4.7617E-01  0.0000E+00

"tbf
              1
  3.90000000  1.00000  1.7922E-10  4.8920E-01  0.0000E+00  1.4847E-01  4.7774E-01  0.0000E+00

"tbf
              1
  3.90000000  1.00000 -9.6702E-10  4.9174E-01  0.0000E+00  1.5377E-01  4.7933E-01  0.0000E+00
