
"tbf
              1
  3.90000000  1.00000  1.7264E-09  3.7122E-01  0.0000E+00  7.6427E-02  3.6083E-01  0.0000E+00

"tbf
              1
  3.90000000  1.00000 -1.3976E-09  3.7421E-01  0.0000E+00  8.1042E-02  3.6222E-01  0.0000E+00

"tbf
              1
  3.90000000  1.00000  1.3009E-09  3.7711E-01  0.0000E+00  8.5448E-02  3.6354E-01  0.0000E+00

"tbf
              1
  3.90000000  1.00000 -5.4978E-10  3.8002E-01  0.0000E+00  8.9890E-02  3.6487E-01  0.0000E+00

"tbf
              1
  3.90000000  1.00000 -8.5058E-10  3.8295E-01  0.0000E+00  9.4394E-02  3.6622E-01  0.0000E+00

"tbf
              1
  3.90000000  1.00000 -2.5066E-09  3.8591E-01  0.0000E+00  9.8965E-02  3.6760E-01  0.0000E+00

"tbf
              1
  3.90000000  1.00000  1.1123E-09  3.8890E-01  0.0000E+00  1.0361E-01  3.6899E-01  0.0000E+00

"tbf
              1
  3.90000000  1.00000  8.5343E-10  3.9191E-01  0.0000E+00  1.0832E-01  3.7040E-01  0.0000E+00

"tbf
              1
  3.90000000  1.00000 -1.8380E-09  3.9494E-01  0.0000E+00  1.1311E-01  3.7184E-01  0.0000E+00

"tbf
              1
  3.90000000  1.00000 -1.0659E-09  3.9800E-01  0.0000E+00  1.1796E-01  3.7330E-01  0.0000E+00

"tbf
              1
  3.90000000  1.00000  2.8185E-10  4.0107E-01  0.0000E+00  1.2289E-01  3.7477E-01  0.0000E+00

"tbf
              1
  3.90000000  1.00000  7.4999E-10  4.0416E-01  0.0000E+00  1.2788E-01  3.7627E-01  0.0000E+00

"tbf
              1
  3.90000000  1.00000  1.1857E-09  4.0726E-01  0.0000E+00  1.3293E-01  3.7779E-01  0.0000E+00

"tbf
              1
  3.90000000  1.00000  1.7610E-09  4.1037E-01  0.0000E+00  1.3805E-01  3.7932E-01  0.0000E+00

"tbf
              1
  3.90000000  1.00000  6.0794E-10  4.1349E-01  0.0000E+00  1.4323E-01  3.8088E-01  0.0000E+00

"tbf
              1
  3.90000000  1.00000  5.3887E-10  4.1661E-01  0.0000E+00  1.4847E-01  3.8245E-01  0.0000E+00

"tbf
              1
  3.90000000  1.00000 -2.5660E-09  4.1974E-01  0.0000E+00  1.5377E-01  3.8404E-01  0.0000E+00
