
"tbf
              1
  3.90000000  1.00000 -1.0439E-10  5.5149E-01  0.0000E+00  7.6433E-02  5.7339E-01  0.0000E+00

"tbf
              1
  3.90000000  1.00000  1.6068E-10  5.5327E-01  0.0000E+00  8.1048E-02  5.7478E-01  0.0000E+00

"tbf
              1
  3.90000000  1.00000  1.7452E-09  5.5501E-01  0.0000E+00  8.5453E-02  5.7610E-01  0.0000E+00

"tbf
              1
  3.90000000  1.00000 -6.2971E-10  5.5677E-01  0.0000E+00  8.9896E-02  5.7743E-01  0.0000E+00

"tbf
              1
  3.90000000  1.00000 -7.6493E-10  5.5853E-01  0.0000E+00  9.4399E-02  5.7878E-01  0.0000E+00

"tbf
              1
  3.90000000  1.00000 -1.2824E-09  5.6031E-01  0.0000E+00  9.8970E-02  5.8015E-01  0.0000E+00

"tbf
              1
  3.90000000  1.00000  5.1567E-10  5.6211E-01  0.0000E+00  1.0361E-01  5.8155E-01  0.0000E+00

"tbf
              1
  3.90000000  1.00000  1.2798E-09  5.6391E-01  0.0000E+00  1.0833E-01  5.8296E-01  0.0000E+00

"tbf
              1
  3.90000000  1.00000 -1.0944E-09  5.6572E-01  0.0000E+00  1.1311E-01  5.8440E-01  0.0000E+00

"tbf
              1
  3.90000000  1.00000  2.4553E-09  5.6754E-01  0.0000E+00  1.1797E-01  5.8585E-01  0.0000E+00

"tbf
              1
  3.90000000  1.00000  3.3375E-10  5.6937E-01  0.0000E+00  1.2289E-01  5.8733E-01  0.0000E+00

"tbf
              1
  3.90000000  1.00000  1.4244E-10  5.7120E-01  0.0000E+00  1.2788E-01  5.8883E-01  0.0000E+00

"tbf
              1
  3.90000000  1.00000  1.0449E-09  5.7303E-01  0.0000E+00  1.3294E-01  5.9034E-01  0.0000E+00

"tbf
              1
  3.90000000  1.00000  2.2904E-09  5.7486E-01  0.0000E+00  1.3806E-01  5.9188E-01  0.0000E+00

"tbf
              1
  3.90000000  1.00000 -1.8970E-10  5.7669E-01  0.0000E+00  1.4324E-01  5.9343E-01  0.0000E+00

"tbf
              1
  3.90000000  1.00000 -6.8782E-10  5.7851E-01  0.0000E+00  1.4848E-01  5.9501E-01  0.0000E+00

"tbf
              1
  3.90000000  1.00000 -4.2011E-10  5.8033E-01  0.0000E+00  1.5377E-01  5.9659E-01  0.0000E+00
