
"tbf
              1
  3.90000000  1.00000  4.1015E-10  6.7290E-01  0.0000E+00  7.6437E-02  7.1654E-01  0.0000E+00

"tbf
              1
  3.90000000  1.00000  5.7836E-11  6.7386E-01  0.0000E+00  8.1052E-02  7.1793E-01  0.0000E+00

"tbf
              1
  3.90000000  1.00000  8.6742E-10  6.7482E-01  0.0000E+00  8.5457E-02  7.1925E-01  0.0000E+00

"tbf
              1
  3.90000000  1.00000 -1.6490E-09  6.7580E-01  0.0000E+00  8.9900E-02  7.2058E-01  0.0000E+00

"tbf
              1
  3.90000000  1.00000  1.0729E-09  6.7678E-01  0.0000E+00  9.4403E-02  7.2193E-01  0.0000E+00

"tbf
              1
  3.90000000  1.00000 -1.0857E-09  6.7777E-01  0.0000E+00  9.8974E-02  7.2330E-01  0.0000E+00

"tbf
              1
  3.90000000  1.00000  1.4125E-09  6.7876E-01  0.0000E+00  1.0362E-01  7.2470E-01  0.0000E+00

"tbf
              1
  3.90000000  1.00000 -3.0015E-10  6.7975E-01  0.0000E+00  1.0833E-01  7.2611E-01  0.0000E+00

"tbf
              1
  3.90000000  1.00000 -5.1463E-10  6.8074E-01  0.0000E+00  1.1312E-01  7.2755E-01  0.0000E+00

"tbf
              1
  3.90000000  1.00000  3.1606E-10  6.8173E-01  0.0000E+00  1.1797E-01  7.2900E-01  0.0000E+00

"tbf
              1
  3.90000000  1.00000  4.2398E-10  6.8271E-01  0.0000E+00  1.2289E-01  7.3048E-01  0.0000E+00

"tbf
              1
  3.90000000  1.00000  6.7246E-10  6.8370E-01  0.0000E+00  1.2789E-01  7.3198E-01  0.0000E+00

"tbf
              1
  3.90000000  1.00000  2.6849E-10  6.8467E-01  0.0000E+00  1.3294E-01  7.3349E-01  0.0000E+00

"tbf
              1
  3.90000000  1.00000  7.1353E-10  6.8564E-01  0.0000E+00  1.3806E-01  7.3503E-01  0.0000E+00

"tbf
              1
  3.90000000  1.00000 -1.7028E-09  6.8660E-01  0.0000E+00  1.4324E-01  7.3658E-01  0.0000E+00

"tbf
              1
  3.90000000  1.00000  1.5508E-10  6.8754E-01  0.0000E+00  1.4848E-01  7.3816E-01  0.0000E+00

"tbf
              1
  3.90000000  1.00000 -1.3198E-09  6.8848E-01  0.0000E+00  1.5377E-01  7.3974E-01  0.0000E+00
