
"tbf
              1
  3.90000000  1.00000  1.0670E-09  9.9695E-01  0.0000E+00  7.6448E-02  1.0986E+00  0.0000E+00

"tbf
              1
  3.90000000  1.00000 -1.5422E-09  9.9571E-01  0.0000E+00  8.1062E-02  1.1000E+00  0.0000E+00

"tbf
              1
  3.90000000  1.00000  9.2858E-10  9.9461E-01  0.0000E+00  8.5467E-02  1.1013E+00  0.0000E+00

"tbf
              1
  3.90000000  1.00000 -4.6355E-10  9.9351E-01  0.0000E+00  8.9910E-02  1.1027E+00  0.0000E+00

"tbf
              1
  3.90000000  1.00000 -1.3021E-09  9.9239E-01  0.0000E+00  9.4413E-02  1.1040E+00  0.0000E+00

"tbf
              1
  3.90000000  1.00000 -2.1800E-10  9.9125E-01  0.0000E+00  9.8984E-02  1.1054E+00  0.0000E+00

"tbf
              1
  3.90000000  1.00000  1.3550E-09  9.9010E-01  0.0000E+00  1.0363E-01  1.1068E+00  0.0000E+00

"tbf
              1
  3.90000000  1.00000 -7.1556E-10  9.8892E-01  0.0000E+00  1.0834E-01  1.1082E+00  0.0000E+00

"tbf
              1
  3.90000000  1.00000 -3.2883E-10  9.8772E-01  0.0000E+00  1.1312E-01  1.1096E+00  0.0000E+00

"tbf
              1
  3.90000000  1.00000  9.2642E-10  9.8649E-01  0.0000E+00  1.1798E-01  1.1111E+00  0.0000E+00

"tbf
              1
  3.90000000  1.00000  3.1094E-10  9.8524E-01  0.0000E+00  1.2290E-01  1.1126E+00  0.0000E+00

"tbf
              1
  3.90000000  1.00000  1.1640E-10  9.8396E-01  0.0000E+00  1.2789E-01  1.1141E+00  0.0000E+00

"tbf
              1
  3.90000000  1.00000  1.4903E-09  9.8265E-01  0.0000E+00  1.3295E-01  1.1156E+00  0.0000E+00

"tbf
              1
  3.90000000  1.00000  1.7979E-09  9.8131E-01  0.0000E+00  1.3807E-01  1.1171E+00  0.0000E+00

"tbf
              1
  3.90000000  1.00000  1.6745E-10  9.7995E-01  0.0000E+00  1.4325E-01  1.1187E+00  0.0000E+00

"tbf
              1
  3.90000000  1.00000  9.7542E-10  9.7855E-01  0.0000E+00  1.4849E-01  1.1202E+00  0.0000E+00

"tbf
              1
  3.90000000  1.00000 -9.5767E-10  9.7713E-01  0.0000E+00  1.5378E-01  1.1218E+00  0.0000E+00
