
"tbf
              1
  3.90000000  1.00000  2.3154E-10  8.2000E-01  0.0000E+00  7.6442E-02  8.8998E-01  0.0000E+00

"tbf
              1
  3.90000000  1.00000 -1.2185E-10  8.1996E-01  0.0000E+00  8.1056E-02  8.9137E-01  0.0000E+00

"tbf
              1
  3.90000000  1.00000  4.2955E-10  8.1999E-01  0.0000E+00  8.5462E-02  8.9269E-01  0.0000E+00

"tbf
              1
  3.90000000  1.00000  1.9549E-10  8.2002E-01  0.0000E+00  8.9904E-02  8.9402E-01  0.0000E+00

"tbf
              1
  3.90000000  1.00000  9.9658E-10  8.2005E-01  0.0000E+00  9.4407E-02  8.9537E-01  0.0000E+00

"tbf
              1
  3.90000000  1.00000  2.6547E-10  8.2007E-01  0.0000E+00  9.8978E-02  8.9674E-01  0.0000E+00

"tbf
              1
  3.90000000  1.00000  1.1932E-09  8.2009E-01  0.0000E+00  1.0362E-01  8.9813E-01  0.0000E+00

"tbf
              1
  3.90000000  1.00000  1.2376E-09  8.2009E-01  0.0000E+00  1.0833E-01  8.9955E-01  0.0000E+00

"tbf
              1
  3.90000000  1.00000 -1.3530E-09  8.2009E-01  0.0000E+00  1.1312E-01  9.0098E-01  0.0000E+00

"tbf
              1
  3.90000000  1.00000 -2.6796E-10  8.2007E-01  0.0000E+00  1.1797E-01  9.0244E-01  0.0000E+00

"tbf
              1
  3.90000000  1.00000 -9.1864E-11  8.2004E-01  0.0000E+00  1.2290E-01  9.0392E-01  0.0000E+00

"tbf
              1
  3.90000000  1.00000  1.9239E-11  8.2000E-01  0.0000E+00  1.2789E-01  9.0541E-01  0.0000E+00

"tbf
              1
  3.90000000  1.00000  7.6467E-11  8.1994E-01  0.0000E+00  1.3294E-01  9.0693E-01  0.0000E+00

"tbf
              1
  3.90000000  1.00000  8.4878E-10  8.1986E-01  0.0000E+00  1.3806E-01  9.0847E-01  0.0000E+00

"tbf
              1
  3.90000000  1.00000 -9.1304E-10  8.1976E-01  0.0000E+00  1.4324E-01  9.1002E-01  0.0000E+00

"tbf
              1
  3.90000000  1.00000  9.4598E-10  8.1964E-01  0.0000E+00  1.4848E-01  9.1159E-01  0.0000E+00

"tbf
              1
  3.90000000  1.00000 -1.0185E-09  8.1950E-01  0.0000E+00  1.5378E-01  9.1318E-01  0.0000E+00
