
"tbf
              1
 10.90000000  1.00000  1.0283E-12  1.9132E+01  0.0000E+00  2.4891E-01  1.9185E+01  0.0000E+00

"tbf
              1
 10.90000000  1.00000  2.2218E-13  1.9163E+01  0.0000E+00  5.0068E-01  1.9197E+01  0.0000E+00

"tbf
              1
 10.90000000  1.00000  7.0487E-12  1.9221E+01  0.0000E+00  9.1821E-01  1.9218E+01  0.0000E+00

"tbf
              1
 10.90000000  1.00000  2.7678E-12  1.9303E+01  0.0000E+00  1.4875E+00  1.9247E+01  0.0000E+00

"tbf
              1
 10.90000000  1.00000  9.7430E-12  1.9402E+01  0.0000E+00  2.1908E+00  1.9282E+01  0.0000E+00

"tbf
              1
 10.90000000  1.00000 -2.1553E-12  1.9513E+01  0.0000E+00  3.0078E+00  1.9323E+01  0.0000E+00

"tbf
              1
 10.90000000  1.00000  2.7567E-12  1.9629E+01  0.0000E+00  3.9161E+00  1.9368E+01  0.0000E+00

"tbf
              1
 10.90000000  1.00000 -3.0493E-12  1.9745E+01  0.0000E+00  4.8935E+00  1.9417E+01  0.0000E+00

"tbf
              1
 10.90000000  1.00000  2.7201E-13  1.9856E+01  0.0000E+00  5.9183E+00  1.9468E+01  0.0000E+00

"tbf
              1
 10.90000000  1.00000  2.1212E-12  1.9957E+01  0.0000E+00  6.9706E+00  1.9521E+01  0.0000E+00

"tbf
              1
 10.90000000  1.00000  4.2523E-12  2.0047E+01  0.0000E+00  8.0331E+00  1.9574E+01  0.0000E+00

"tbf
              1
 10.90000000  1.00000  1.3983E-12  2.0122E+01  0.0000E+00  9.0911E+00  1.9627E+01  0.0000E+00

"tbf
              1
 10.90000000  1.00000  9.1435E-13  2.0181E+01  0.0000E+00  1.0133E+01  1.9679E+01  0.0000E+00

"tbf
              1
 10.90000000  1.00000 -7.7057E-12  2.0225E+01  0.0000E+00  1.1148E+01  1.9730E+01  0.0000E+00

"tbf
              1
 10.90000000  1.00000 -5.6671E-12  2.0252E+01  0.0000E+00  1.2131E+01  1.9779E+01  0.0000E+00

"tbf
              1
 10.90000000  1.00000  5.4223E-12  2.0265E+01  0.0000E+00  1.3077E+01  1.9826E+01  0.0000E+00

"tbf
              1
 10.90000000  1.00000  5.3555E-13  2.0263E+01  0.0000E+00  1.3981E+01  1.9871E+01  0.0000E+00
