
"tbf
              1
 10.90000000  1.00000  1.0719E-13  1.7514E+01  0.0000E+00  2.4891E-01  1.7542E+01  0.0000E+00

"tbf
              1
 10.90000000  1.00000  3.2949E-12  1.7565E+01  0.0000E+00  5.0068E-01  1.7554E+01  0.0000E+00

"tbf
              1
 10.90000000  1.00000  3.1650E-12  1.7655E+01  0.0000E+00  9.1821E-01  1.7575E+01  0.0000E+00

"tbf
              1
 10.90000000  1.00000 -3.2694E-12  1.7779E+01  0.0000E+00  1.4875E+00  1.7604E+01  0.0000E+00

"tbf
              1
 10.90000000  1.00000  5.5684E-12  1.7931E+01  0.0000E+00  2.1908E+00  1.7639E+01  0.0000E+00

"tbf
              1
 10.90000000  1.00000  4.3690E-12  1.8103E+01  0.0000E+00  3.0078E+00  1.7680E+01  0.0000E+00

"tbf
              1
 10.90000000  1.00000 -1.5073E-12  1.8286E+01  0.0000E+00  3.9161E+00  1.7725E+01  0.0000E+00

"tbf
              1
 10.90000000  1.00000 -7.1114E-15  1.8474E+01  0.0000E+00  4.8935E+00  1.7774E+01  0.0000E+00

"tbf
              1
 10.90000000  1.00000  4.2878E-13  1.8659E+01  0.0000E+00  5.9183E+00  1.7825E+01  0.0000E+00

"tbf
              1
 10.90000000  1.00000  4.6228E-12  1.8837E+01  0.0000E+00  6.9706E+00  1.7878E+01  0.0000E+00

"tbf
              1
 10.90000000  1.00000 -1.1477E-12  1.9003E+01  0.0000E+00  8.0331E+00  1.7931E+01  0.0000E+00

"tbf
              1
 10.90000000  1.00000 -1.1446E-12  1.9153E+01  0.0000E+00  9.0911E+00  1.7984E+01  0.0000E+00

"tbf
              1
 10.90000000  1.00000  5.0178E-12  1.9287E+01  0.0000E+00  1.0133E+01  1.8036E+01  0.0000E+00

"tbf
              1
 10.90000000  1.00000 -3.3450E-12  1.9402E+01  0.0000E+00  1.1148E+01  1.8087E+01  0.0000E+00

"tbf
              1
 10.90000000  1.00000  2.6079E-13  1.9498E+01  0.0000E+00  1.2131E+01  1.8136E+01  0.0000E+00

"tbf
              1
 10.90000000  1.00000  5.3300E-12  1.9576E+01  0.0000E+00  1.3077E+01  1.8183E+01  0.0000E+00

"tbf
              1
 10.90000000  1.00000  7.6650E-12  1.9636E+01  0.0000E+00  1.3981E+01  1.8228E+01  0.0000E+00
