
"tbf
              1
 10.90000000  1.00000  2.9589E-12  2.2629E+01  0.0000E+00  2.4892E-01  2.2736E+01  0.0000E+00

"tbf
              1
 10.90000000  1.00000  3.4149E-12  2.2617E+01  0.0000E+00  5.0068E-01  2.2749E+01  0.0000E+00

"tbf
              1
 10.90000000  1.00000 -9.1172E-13  2.2607E+01  0.0000E+00  9.1821E-01  2.2769E+01  0.0000E+00

"tbf
              1
 10.90000000  1.00000 -9.9994E-13  2.2596E+01  0.0000E+00  1.4875E+00  2.2798E+01  0.0000E+00

"tbf
              1
 10.90000000  1.00000  9.3295E-12  2.2582E+01  0.0000E+00  2.1908E+00  2.2833E+01  0.0000E+00

"tbf
              1
 10.90000000  1.00000 -8.7397E-13  2.2561E+01  0.0000E+00  3.0078E+00  2.2874E+01  0.0000E+00

"tbf
              1
 10.90000000  1.00000  8.3384E-12  2.2532E+01  0.0000E+00  3.9161E+00  2.2919E+01  0.0000E+00

"tbf
              1
 10.90000000  1.00000  7.7476E-14  2.2493E+01  0.0000E+00  4.8935E+00  2.2968E+01  0.0000E+00

"tbf
              1
 10.90000000  1.00000  2.9006E-12  2.2442E+01  0.0000E+00  5.9183E+00  2.3019E+01  0.0000E+00

"tbf
              1
 10.90000000  1.00000 -6.9686E-13  2.2379E+01  0.0000E+00  6.9706E+00  2.3072E+01  0.0000E+00

"tbf
              1
 10.90000000  1.00000  1.9236E-12  2.2303E+01  0.0000E+00  8.0331E+00  2.3125E+01  0.0000E+00

"tbf
              1
 10.90000000  1.00000  3.6843E-12  2.2215E+01  0.0000E+00  9.0911E+00  2.3178E+01  0.0000E+00

"tbf
              1
 10.90000000  1.00000  6.3440E-12  2.2114E+01  0.0000E+00  1.0133E+01  2.3230E+01  0.0000E+00

"tbf
              1
 10.90000000  1.00000 -2.9909E-13  2.2003E+01  0.0000E+00  1.1148E+01  2.3281E+01  0.0000E+00

"tbf
              1
 10.90000000  1.00000  5.5353E-13  2.1882E+01  0.0000E+00  1.2131E+01  2.3330E+01  0.0000E+00

"tbf
              1
 10.90000000  1.00000  1.1496E-11  2.1753E+01  0.0000E+00  1.3077E+01  2.3377E+01  0.0000E+00

"tbf
              1
 10.90000000  1.00000  1.5904E-12  2.1616E+01  0.0000E+00  1.3981E+01  2.3423E+01  0.0000E+00
