
"tbf
              1
 10.90000000  1.00000 -3.4731E-12  2.8531E+01  0.0000E+00  2.4892E-01  2.8731E+01  0.0000E+00

"tbf
              1
 10.90000000  1.00000  1.1985E-12  2.8448E+01  0.0000E+00  5.0068E-01  2.8744E+01  0.0000E+00

"tbf
              1
 10.90000000  1.00000  4.3385E-12  2.8322E+01  0.0000E+00  9.1822E-01  2.8765E+01  0.0000E+00

"tbf
              1
 10.90000000  1.00000  6.5495E-12  2.8155E+01  0.0000E+00  1.4875E+00  2.8793E+01  0.0000E+00

"tbf
              1
 10.90000000  1.00000  8.6178E-12  2.7949E+01  0.0000E+00  2.1908E+00  2.8828E+01  0.0000E+00

"tbf
              1
 10.90000000  1.00000  3.8935E-12  2.7707E+01  0.0000E+00  3.0078E+00  2.8869E+01  0.0000E+00

"tbf
              1
 10.90000000  1.00000 -8.3982E-13  2.7433E+01  0.0000E+00  3.9161E+00  2.8914E+01  0.0000E+00

"tbf
              1
 10.90000000  1.00000 -1.8983E-12  2.7132E+01  0.0000E+00  4.8935E+00  2.8963E+01  0.0000E+00

"tbf
              1
 10.90000000  1.00000 -2.4396E-12  2.6809E+01  0.0000E+00  5.9183E+00  2.9015E+01  0.0000E+00

"tbf
              1
 10.90000000  1.00000 -2.1948E-12  2.6467E+01  0.0000E+00  6.9706E+00  2.9067E+01  0.0000E+00

"tbf
              1
 10.90000000  1.00000  7.1532E-13  2.6112E+01  0.0000E+00  8.0331E+00  2.9120E+01  0.0000E+00

"tbf
              1
 10.90000000  1.00000  5.8958E-12  2.5748E+01  0.0000E+00  9.0911E+00  2.9173E+01  0.0000E+00

"tbf
              1
 10.90000000  1.00000  3.4416E-12  2.5378E+01  0.0000E+00  1.0133E+01  2.9225E+01  0.0000E+00

"tbf
              1
 10.90000000  1.00000 -3.9712E-12  2.5006E+01  0.0000E+00  1.1148E+01  2.9276E+01  0.0000E+00

"tbf
              1
 10.90000000  1.00000  4.1514E-12  2.4634E+01  0.0000E+00  1.2131E+01  2.9325E+01  0.0000E+00

"tbf
              1
 10.90000000  1.00000  3.1317E-12  2.4265E+01  0.0000E+00  1.3077E+01  2.9372E+01  0.0000E+00

"tbf
              1
 10.90000000  1.00000  6.3519E-12  2.3902E+01  0.0000E+00  1.3981E+01  2.9418E+01  0.0000E+00
