
"tbf
              1
 10.90000000  1.00000  4.5335E-12  2.4508E+01  0.0000E+00  2.4892E-01  2.4645E+01  0.0000E+00

"tbf
              1
 10.90000000  1.00000 -5.5926E-13  2.4474E+01  0.0000E+00  5.0068E-01  2.4658E+01  0.0000E+00

"tbf
              1
 10.90000000  1.00000  5.6241E-12  2.4427E+01  0.0000E+00  9.1822E-01  2.4679E+01  0.0000E+00

"tbf
              1
 10.90000000  1.00000  9.3041E-13  2.4366E+01  0.0000E+00  1.4875E+00  2.4707E+01  0.0000E+00

"tbf
              1
 10.90000000  1.00000  3.1551E-12  2.4291E+01  0.0000E+00  2.1908E+00  2.4742E+01  0.0000E+00

"tbf
              1
 10.90000000  1.00000  2.0113E-12  2.4200E+01  0.0000E+00  3.0078E+00  2.4783E+01  0.0000E+00

"tbf
              1
 10.90000000  1.00000  4.5422E-12  2.4093E+01  0.0000E+00  3.9161E+00  2.4828E+01  0.0000E+00

"tbf
              1
 10.90000000  1.00000  4.5606E-12  2.3971E+01  0.0000E+00  4.8935E+00  2.4877E+01  0.0000E+00

"tbf
              1
 10.90000000  1.00000  1.7921E-12  2.3833E+01  0.0000E+00  5.9183E+00  2.4929E+01  0.0000E+00

"tbf
              1
 10.90000000  1.00000 -1.7213E-12  2.3681E+01  0.0000E+00  6.9706E+00  2.4981E+01  0.0000E+00

"tbf
              1
 10.90000000  1.00000  2.8122E-13  2.3516E+01  0.0000E+00  8.0331E+00  2.5034E+01  0.0000E+00

"tbf
              1
 10.90000000  1.00000  4.7228E-12  2.3340E+01  0.0000E+00  9.0911E+00  2.5087E+01  0.0000E+00

"tbf
              1
 10.90000000  1.00000  3.4853E-12  2.3154E+01  0.0000E+00  1.0133E+01  2.5139E+01  0.0000E+00

"tbf
              1
 10.90000000  1.00000 -5.7956E-12  2.2959E+01  0.0000E+00  1.1148E+01  2.5190E+01  0.0000E+00

"tbf
              1
 10.90000000  1.00000  6.0093E-13  2.2759E+01  0.0000E+00  1.2131E+01  2.5239E+01  0.0000E+00

"tbf
              1
 10.90000000  1.00000  6.1806E-12  2.2553E+01  0.0000E+00  1.3077E+01  2.5287E+01  0.0000E+00

"tbf
              1
 10.90000000  1.00000  3.1822E-12  2.2344E+01  0.0000E+00  1.3981E+01  2.5332E+01  0.0000E+00
