
"tbf
              1
 10.90000000  1.00000  9.8465E-12  2.0837E+01  0.0000E+00  2.4892E-01  2.0916E+01  0.0000E+00

"tbf
              1
 10.90000000  1.00000  8.8642E-13  2.0847E+01  0.0000E+00  5.0068E-01  2.0929E+01  0.0000E+00

"tbf
              1
 10.90000000  1.00000  6.6068E-12  2.0872E+01  0.0000E+00  9.1821E-01  2.0949E+01  0.0000E+00

"tbf
              1
 10.90000000  1.00000  6.7626E-12  2.0908E+01  0.0000E+00  1.4875E+00  2.0978E+01  0.0000E+00

"tbf
              1
 10.90000000  1.00000  2.1888E-12  2.0952E+01  0.0000E+00  2.1908E+00  2.1013E+01  0.0000E+00

"tbf
              1
 10.90000000  1.00000  4.1064E-12  2.0999E+01  0.0000E+00  3.0078E+00  2.1054E+01  0.0000E+00

"tbf
              1
 10.90000000  1.00000  4.7056E-12  2.1044E+01  0.0000E+00  3.9161E+00  2.1099E+01  0.0000E+00

"tbf
              1
 10.90000000  1.00000 -2.4912E-13  2.1085E+01  0.0000E+00  4.8935E+00  2.1148E+01  0.0000E+00

"tbf
              1
 10.90000000  1.00000 -1.7733E-12  2.1117E+01  0.0000E+00  5.9183E+00  2.1199E+01  0.0000E+00

"tbf
              1
 10.90000000  1.00000 -2.0024E-12  2.1138E+01  0.0000E+00  6.9706E+00  2.1252E+01  0.0000E+00

"tbf
              1
 10.90000000  1.00000 -4.4407E-12  2.1147E+01  0.0000E+00  8.0331E+00  2.1305E+01  0.0000E+00

"tbf
              1
 10.90000000  1.00000  1.4898E-12  2.1142E+01  0.0000E+00  9.0911E+00  2.1358E+01  0.0000E+00

"tbf
              1
 10.90000000  1.00000  2.8342E-12  2.1124E+01  0.0000E+00  1.0133E+01  2.1410E+01  0.0000E+00

"tbf
              1
 10.90000000  1.00000  3.6340E-14  2.1092E+01  0.0000E+00  1.1148E+01  2.1461E+01  0.0000E+00

"tbf
              1
 10.90000000  1.00000 -4.2409E-12  2.1047E+01  0.0000E+00  1.2131E+01  2.1510E+01  0.0000E+00

"tbf
              1
 10.90000000  1.00000  6.0576E-12  2.0990E+01  0.0000E+00  1.3077E+01  2.1557E+01  0.0000E+00

"tbf
              1
 10.90000000  1.00000  4.4865E-12  2.0923E+01  0.0000E+00  1.3981E+01  2.1603E+01  0.0000E+00
