
"tbf
              1
 10.90000000  1.00000  8.3444E-13  2.6476E+01  0.0000E+00  2.4892E-01  2.6643E+01  0.0000E+00

"tbf
              1
 10.90000000  1.00000  3.4119E-12  2.6418E+01  0.0000E+00  5.0068E-01  2.6656E+01  0.0000E+00

"tbf
              1
 10.90000000  1.00000  4.8428E-13  2.6332E+01  0.0000E+00  9.1822E-01  2.6677E+01  0.0000E+00

"tbf
              1
 10.90000000  1.00000  4.6106E-12  2.6219E+01  0.0000E+00  1.4875E+00  2.6705E+01  0.0000E+00

"tbf
              1
 10.90000000  1.00000  5.2858E-12  2.6080E+01  0.0000E+00  2.1908E+00  2.6741E+01  0.0000E+00

"tbf
              1
 10.90000000  1.00000 -7.3991E-13  2.5915E+01  0.0000E+00  3.0078E+00  2.6781E+01  0.0000E+00

"tbf
              1
 10.90000000  1.00000  1.5407E-12  2.5727E+01  0.0000E+00  3.9161E+00  2.6827E+01  0.0000E+00

"tbf
              1
 10.90000000  1.00000 -4.7506E-13  2.5517E+01  0.0000E+00  4.8935E+00  2.6876E+01  0.0000E+00

"tbf
              1
 10.90000000  1.00000 -1.7892E-12  2.5288E+01  0.0000E+00  5.9183E+00  2.6927E+01  0.0000E+00

"tbf
              1
 10.90000000  1.00000 -2.0211E-12  2.5044E+01  0.0000E+00  6.9706E+00  2.6980E+01  0.0000E+00

"tbf
              1
 10.90000000  1.00000  3.7111E-12  2.4786E+01  0.0000E+00  8.0331E+00  2.7033E+01  0.0000E+00

"tbf
              1
 10.90000000  1.00000 -2.0175E-13  2.4518E+01  0.0000E+00  9.0911E+00  2.7086E+01  0.0000E+00

"tbf
              1
 10.90000000  1.00000  4.4488E-12  2.4241E+01  0.0000E+00  1.0133E+01  2.7138E+01  0.0000E+00

"tbf
              1
 10.90000000  1.00000 -4.1017E-12  2.3960E+01  0.0000E+00  1.1148E+01  2.7188E+01  0.0000E+00

"tbf
              1
 10.90000000  1.00000  1.6628E-12  2.3676E+01  0.0000E+00  1.2131E+01  2.7238E+01  0.0000E+00

"tbf
              1
 10.90000000  1.00000  5.9642E-12  2.3390E+01  0.0000E+00  1.3077E+01  2.7285E+01  0.0000E+00

"tbf
              1
 10.90000000  1.00000  1.8780E-12  2.3106E+01  0.0000E+00  1.3981E+01  2.7330E+01  0.0000E+00
