
"tbf
              1
 11.00000000  1.00000  8.9519E-14  1.9046E+01  0.0000E+00  3.4944E-01  1.9158E+01  0.0000E+00

"tbf
              1
 11.00000000  1.00000 -2.1890E-13  1.9110E+01  0.0000E+00  4.0538E-01  1.9161E+01  0.0000E+00

"tbf
              1
 11.00000000  1.00000 -2.0601E-12  1.9171E+01  0.0000E+00  8.1819E-01  1.9181E+01  0.0000E+00

"tbf
              1
 11.00000000  1.00000 -7.3828E-13  1.9255E+01  0.0000E+00  1.3926E+00  1.9210E+01  0.0000E+00

"tbf
              1
 11.00000000  1.00000  7.2148E-13  1.9358E+01  0.0000E+00  2.1097E+00  1.9246E+01  0.0000E+00

"tbf
              1
 11.00000000  1.00000  3.0712E-12  1.9473E+01  0.0000E+00  2.9472E+00  1.9288E+01  0.0000E+00

"tbf
              1
 11.00000000  1.00000  1.2744E-12  1.9594E+01  0.0000E+00  3.8809E+00  1.9334E+01  0.0000E+00

"tbf
              1
 11.00000000  1.00000  4.1414E-12  1.9714E+01  0.0000E+00  4.8866E+00  1.9385E+01  0.0000E+00

"tbf
              1
 11.00000000  1.00000  1.6778E-12  1.9829E+01  0.0000E+00  5.9408E+00  1.9437E+01  0.0000E+00

"tbf
              1
 11.00000000  1.00000  1.1591E-12  1.9933E+01  0.0000E+00  7.0223E+00  1.9492E+01  0.0000E+00

"tbf
              1
 11.00000000  1.00000  3.0404E-13  2.0024E+01  0.0000E+00  8.1124E+00  1.9546E+01  0.0000E+00

"tbf
              1
 11.00000000  1.00000  1.0113E-12  2.0099E+01  0.0000E+00  9.1956E+00  1.9600E+01  0.0000E+00

"tbf
              1
 11.00000000  1.00000 -1.4634E-12  2.0158E+01  0.0000E+00  1.0260E+01  1.9653E+01  0.0000E+00

"tbf
              1
 11.00000000  1.00000  7.3219E-13  2.0200E+01  0.0000E+00  1.1295E+01  1.9705E+01  0.0000E+00

"tbf
              1
 11.00000000  1.00000  2.5354E-12  2.0225E+01  0.0000E+00  1.2294E+01  1.9755E+01  0.0000E+00

"tbf
              1
 11.00000000  1.00000 -1.8462E-12  2.0235E+01  0.0000E+00  1.3253E+01  1.9803E+01  0.0000E+00

"tbf
              1
 11.00000000  1.00000 -2.0305E-12  2.0230E+01  0.0000E+00  1.4168E+01  1.9849E+01  0.0000E+00
