
"tbf
              1
 11.00000000  1.00000  1.6444E-14  2.2474E+01  0.0000E+00  3.4944E-01  2.2670E+01  0.0000E+00

"tbf
              1
 11.00000000  1.00000  8.6538E-13  2.2540E+01  0.0000E+00  4.0539E-01  2.2673E+01  0.0000E+00

"tbf
              1
 11.00000000  1.00000  1.0275E-12  2.2533E+01  0.0000E+00  8.1819E-01  2.2693E+01  0.0000E+00

"tbf
              1
 11.00000000  1.00000 -1.0158E-12  2.2525E+01  0.0000E+00  1.3926E+00  2.2722E+01  0.0000E+00

"tbf
              1
 11.00000000  1.00000  6.2732E-14  2.2514E+01  0.0000E+00  2.1097E+00  2.2758E+01  0.0000E+00

"tbf
              1
 11.00000000  1.00000  3.3135E-12  2.2496E+01  0.0000E+00  2.9472E+00  2.2800E+01  0.0000E+00

"tbf
              1
 11.00000000  1.00000  7.6993E-13  2.2469E+01  0.0000E+00  3.8809E+00  2.2846E+01  0.0000E+00

"tbf
              1
 11.00000000  1.00000 -2.1095E-13  2.2431E+01  0.0000E+00  4.8866E+00  2.2897E+01  0.0000E+00

"tbf
              1
 11.00000000  1.00000 -4.0749E-13  2.2380E+01  0.0000E+00  5.9408E+00  2.2949E+01  0.0000E+00

"tbf
              1
 11.00000000  1.00000  1.1977E-12  2.2317E+01  0.0000E+00  7.0223E+00  2.3004E+01  0.0000E+00

"tbf
              1
 11.00000000  1.00000  1.8063E-12  2.2239E+01  0.0000E+00  8.1124E+00  2.3058E+01  0.0000E+00

"tbf
              1
 11.00000000  1.00000  2.6952E-12  2.2149E+01  0.0000E+00  9.1956E+00  2.3112E+01  0.0000E+00

"tbf
              1
 11.00000000  1.00000  9.9531E-13  2.2046E+01  0.0000E+00  1.0260E+01  2.3165E+01  0.0000E+00

"tbf
              1
 11.00000000  1.00000  7.0967E-13  2.1932E+01  0.0000E+00  1.1295E+01  2.3217E+01  0.0000E+00

"tbf
              1
 11.00000000  1.00000 -3.1323E-12  2.1808E+01  0.0000E+00  1.2294E+01  2.3267E+01  0.0000E+00

"tbf
              1
 11.00000000  1.00000 -1.4942E-12  2.1676E+01  0.0000E+00  1.3253E+01  2.3315E+01  0.0000E+00

"tbf
              1
 11.00000000  1.00000 -6.0123E-13  2.1536E+01  0.0000E+00  1.4168E+01  2.3361E+01  0.0000E+00
