
"tbf
              1
 11.00000000  1.00000  6.8148E-14  2.0718E+01  0.0000E+00  3.4944E-01  2.0871E+01  0.0000E+00

"tbf
              1
 11.00000000  1.00000 -1.2397E-12  2.0783E+01  0.0000E+00  4.0538E-01  2.0873E+01  0.0000E+00

"tbf
              1
 11.00000000  1.00000  1.9924E-13  2.0810E+01  0.0000E+00  8.1819E-01  2.0894E+01  0.0000E+00

"tbf
              1
 11.00000000  1.00000 -2.6175E-12  2.0850E+01  0.0000E+00  1.3926E+00  2.0923E+01  0.0000E+00

"tbf
              1
 11.00000000  1.00000 -2.8191E-12  2.0897E+01  0.0000E+00  2.1097E+00  2.0959E+01  0.0000E+00

"tbf
              1
 11.00000000  1.00000  3.0164E-12  2.0947E+01  0.0000E+00  2.9472E+00  2.1001E+01  0.0000E+00

"tbf
              1
 11.00000000  1.00000 -9.7287E-14  2.0996E+01  0.0000E+00  3.8809E+00  2.1047E+01  0.0000E+00

"tbf
              1
 11.00000000  1.00000 -4.0331E-13  2.1039E+01  0.0000E+00  4.8866E+00  2.1098E+01  0.0000E+00

"tbf
              1
 11.00000000  1.00000  4.1795E-12  2.1073E+01  0.0000E+00  5.9408E+00  2.1150E+01  0.0000E+00

"tbf
              1
 11.00000000  1.00000  1.3660E-12  2.1095E+01  0.0000E+00  7.0223E+00  2.1204E+01  0.0000E+00

"tbf
              1
 11.00000000  1.00000  8.5072E-13  2.1104E+01  0.0000E+00  8.1124E+00  2.1259E+01  0.0000E+00

"tbf
              1
 11.00000000  1.00000  1.1215E-12  2.1099E+01  0.0000E+00  9.1956E+00  2.1313E+01  0.0000E+00

"tbf
              1
 11.00000000  1.00000 -1.2504E-12  2.1079E+01  0.0000E+00  1.0260E+01  2.1366E+01  0.0000E+00

"tbf
              1
 11.00000000  1.00000 -8.4746E-13  2.1045E+01  0.0000E+00  1.1295E+01  2.1418E+01  0.0000E+00

"tbf
              1
 11.00000000  1.00000  2.4562E-12  2.0997E+01  0.0000E+00  1.2294E+01  2.1468E+01  0.0000E+00

"tbf
              1
 11.00000000  1.00000 -1.9058E-12  2.0938E+01  0.0000E+00  1.3253E+01  2.1516E+01  0.0000E+00

"tbf
              1
 11.00000000  1.00000  1.1094E-12  2.0867E+01  0.0000E+00  1.4168E+01  2.1562E+01  0.0000E+00
