
"tbf
              1
 11.00000000  1.00000  1.3802E-13  2.6241E+01  0.0000E+00  3.4944E-01  2.6529E+01  0.0000E+00

"tbf
              1
 11.00000000  1.00000  6.9960E-13  2.6308E+01  0.0000E+00  4.0539E-01  2.6532E+01  0.0000E+00

"tbf
              1
 11.00000000  1.00000 -2.6482E-13  2.6227E+01  0.0000E+00  8.1819E-01  2.6552E+01  0.0000E+00

"tbf
              1
 11.00000000  1.00000  1.3801E-12  2.6118E+01  0.0000E+00  1.3926E+00  2.6581E+01  0.0000E+00

"tbf
              1
 11.00000000  1.00000 -5.7270E-13  2.5980E+01  0.0000E+00  2.1097E+00  2.6617E+01  0.0000E+00

"tbf
              1
 11.00000000  1.00000  1.4885E-12  2.5816E+01  0.0000E+00  2.9472E+00  2.6659E+01  0.0000E+00

"tbf
              1
 11.00000000  1.00000  2.5375E-12  2.5627E+01  0.0000E+00  3.8809E+00  2.6705E+01  0.0000E+00

"tbf
              1
 11.00000000  1.00000 -2.0555E-12  2.5415E+01  0.0000E+00  4.8866E+00  2.6756E+01  0.0000E+00

"tbf
              1
 11.00000000  1.00000  5.4918E-13  2.5184E+01  0.0000E+00  5.9408E+00  2.6808E+01  0.0000E+00

"tbf
              1
 11.00000000  1.00000  7.8146E-13  2.4936E+01  0.0000E+00  7.0223E+00  2.6862E+01  0.0000E+00

"tbf
              1
 11.00000000  1.00000 -2.2004E-12  2.4674E+01  0.0000E+00  8.1124E+00  2.6917E+01  0.0000E+00

"tbf
              1
 11.00000000  1.00000  3.2959E-13  2.4401E+01  0.0000E+00  9.1956E+00  2.6971E+01  0.0000E+00

"tbf
              1
 11.00000000  1.00000  5.6679E-13  2.4121E+01  0.0000E+00  1.0260E+01  2.7024E+01  0.0000E+00

"tbf
              1
 11.00000000  1.00000  7.9206E-13  2.3836E+01  0.0000E+00  1.1295E+01  2.7076E+01  0.0000E+00

"tbf
              1
 11.00000000  1.00000 -9.0254E-13  2.3547E+01  0.0000E+00  1.2294E+01  2.7126E+01  0.0000E+00

"tbf
              1
 11.00000000  1.00000 -6.0421E-13  2.3258E+01  0.0000E+00  1.3253E+01  2.7174E+01  0.0000E+00

"tbf
              1
 11.00000000  1.00000  8.2384E-13  2.2970E+01  0.0000E+00  1.4168E+01  2.7220E+01  0.0000E+00
