
"tbf
              1
 11.00000000  1.00000  3.5548E-13  2.4315E+01  0.0000E+00  3.4944E-01  2.4556E+01  0.0000E+00

"tbf
              1
 11.00000000  1.00000  9.3532E-13  2.4382E+01  0.0000E+00  4.0539E-01  2.4559E+01  0.0000E+00

"tbf
              1
 11.00000000  1.00000 -2.6205E-12  2.4339E+01  0.0000E+00  8.1819E-01  2.4579E+01  0.0000E+00

"tbf
              1
 11.00000000  1.00000 -1.1516E-12  2.4281E+01  0.0000E+00  1.3926E+00  2.4608E+01  0.0000E+00

"tbf
              1
 11.00000000  1.00000 -1.5681E-12  2.4208E+01  0.0000E+00  2.1097E+00  2.4644E+01  0.0000E+00

"tbf
              1
 11.00000000  1.00000  1.6257E-12  2.4118E+01  0.0000E+00  2.9472E+00  2.4686E+01  0.0000E+00

"tbf
              1
 11.00000000  1.00000  5.2669E-14  2.4012E+01  0.0000E+00  3.8809E+00  2.4732E+01  0.0000E+00

"tbf
              1
 11.00000000  1.00000  2.4586E-12  2.3889E+01  0.0000E+00  4.8866E+00  2.4783E+01  0.0000E+00

"tbf
              1
 11.00000000  1.00000 -6.0423E-13  2.3750E+01  0.0000E+00  5.9408E+00  2.4835E+01  0.0000E+00

"tbf
              1
 11.00000000  1.00000  7.0289E-13  2.3597E+01  0.0000E+00  7.0223E+00  2.4890E+01  0.0000E+00

"tbf
              1
 11.00000000  1.00000  9.4314E-14  2.3429E+01  0.0000E+00  8.1124E+00  2.4944E+01  0.0000E+00

"tbf
              1
 11.00000000  1.00000  1.5150E-12  2.3250E+01  0.0000E+00  9.1956E+00  2.4998E+01  0.0000E+00

"tbf
              1
 11.00000000  1.00000 -3.0119E-12  2.3060E+01  0.0000E+00  1.0260E+01  2.5051E+01  0.0000E+00

"tbf
              1
 11.00000000  1.00000  3.0676E-13  2.2863E+01  0.0000E+00  1.1295E+01  2.5103E+01  0.0000E+00

"tbf
              1
 11.00000000  1.00000  7.2796E-13  2.2658E+01  0.0000E+00  1.2294E+01  2.5153E+01  0.0000E+00

"tbf
              1
 11.00000000  1.00000 -2.8007E-12  2.2449E+01  0.0000E+00  1.3253E+01  2.5201E+01  0.0000E+00

"tbf
              1
 11.00000000  1.00000  1.8283E-12  2.2237E+01  0.0000E+00  1.4168E+01  2.5247E+01  0.0000E+00
