
"tbf
              1
 11.00000000  1.00000  2.3432E-13  2.8251E+01  0.0000E+00  3.4944E-01  2.8588E+01  0.0000E+00

"tbf
              1
 11.00000000  1.00000 -2.2884E-12  2.8319E+01  0.0000E+00  4.0539E-01  2.8591E+01  0.0000E+00

"tbf
              1
 11.00000000  1.00000 -5.2050E-13  2.8199E+01  0.0000E+00  8.1819E-01  2.8612E+01  0.0000E+00

"tbf
              1
 11.00000000  1.00000  3.0795E-12  2.8036E+01  0.0000E+00  1.3926E+00  2.8641E+01  0.0000E+00

"tbf
              1
 11.00000000  1.00000 -4.9833E-12  2.7831E+01  0.0000E+00  2.1097E+00  2.8676E+01  0.0000E+00

"tbf
              1
 11.00000000  1.00000  8.2165E-13  2.7588E+01  0.0000E+00  2.9472E+00  2.8718E+01  0.0000E+00

"tbf
              1
 11.00000000  1.00000  1.7852E-12  2.7312E+01  0.0000E+00  3.8809E+00  2.8765E+01  0.0000E+00

"tbf
              1
 11.00000000  1.00000  3.1256E-12  2.7008E+01  0.0000E+00  4.8866E+00  2.8815E+01  0.0000E+00

"tbf
              1
 11.00000000  1.00000  2.5718E-12  2.6680E+01  0.0000E+00  5.9408E+00  2.8868E+01  0.0000E+00

"tbf
              1
 11.00000000  1.00000  2.3425E-12  2.6334E+01  0.0000E+00  7.0223E+00  2.8922E+01  0.0000E+00

"tbf
              1
 11.00000000  1.00000  9.5086E-14  2.5973E+01  0.0000E+00  8.1124E+00  2.8977E+01  0.0000E+00

"tbf
              1
 11.00000000  1.00000  2.3318E-13  2.5604E+01  0.0000E+00  9.1956E+00  2.9031E+01  0.0000E+00

"tbf
              1
 11.00000000  1.00000 -1.2619E-12  2.5229E+01  0.0000E+00  1.0260E+01  2.9084E+01  0.0000E+00

"tbf
              1
 11.00000000  1.00000  1.1707E-14  2.4852E+01  0.0000E+00  1.1295E+01  2.9136E+01  0.0000E+00

"tbf
              1
 11.00000000  1.00000 -2.1761E-13  2.4476E+01  0.0000E+00  1.2294E+01  2.9186E+01  0.0000E+00

"tbf
              1
 11.00000000  1.00000 -1.5132E-12  2.4103E+01  0.0000E+00  1.3253E+01  2.9234E+01  0.0000E+00

"tbf
              1
 11.00000000  1.00000  2.6476E-13  2.3736E+01  0.0000E+00  1.4168E+01  2.9279E+01  0.0000E+00
