
"tbf
              1
 11.00000000  1.00000  1.2661E-13  1.7458E+01  0.0000E+00  3.4944E-01  1.7531E+01  0.0000E+00

"tbf
              1
 11.00000000  1.00000 -5.1095E-13  1.7522E+01  0.0000E+00  4.0538E-01  1.7534E+01  0.0000E+00

"tbf
              1
 11.00000000  1.00000 -1.8457E-12  1.7613E+01  0.0000E+00  8.1818E-01  1.7555E+01  0.0000E+00

"tbf
              1
 11.00000000  1.00000 -1.6200E-12  1.7741E+01  0.0000E+00  1.3926E+00  1.7583E+01  0.0000E+00

"tbf
              1
 11.00000000  1.00000 -6.9806E-13  1.7897E+01  0.0000E+00  2.1097E+00  1.7619E+01  0.0000E+00

"tbf
              1
 11.00000000  1.00000 -1.0358E-12  1.8074E+01  0.0000E+00  2.9472E+00  1.7661E+01  0.0000E+00

"tbf
              1
 11.00000000  1.00000  7.8424E-13  1.8263E+01  0.0000E+00  3.8809E+00  1.7708E+01  0.0000E+00

"tbf
              1
 11.00000000  1.00000  2.1705E-12  1.8456E+01  0.0000E+00  4.8866E+00  1.7758E+01  0.0000E+00

"tbf
              1
 11.00000000  1.00000  6.5482E-13  1.8647E+01  0.0000E+00  5.9408E+00  1.7811E+01  0.0000E+00

"tbf
              1
 11.00000000  1.00000 -8.6249E-13  1.8829E+01  0.0000E+00  7.0223E+00  1.7865E+01  0.0000E+00

"tbf
              1
 11.00000000  1.00000  2.1067E-12  1.8998E+01  0.0000E+00  8.1124E+00  1.7919E+01  0.0000E+00

"tbf
              1
 11.00000000  1.00000  2.5049E-12  1.9150E+01  0.0000E+00  9.1956E+00  1.7974E+01  0.0000E+00

"tbf
              1
 11.00000000  1.00000 -4.7306E-13  1.9283E+01  0.0000E+00  1.0260E+01  1.8027E+01  0.0000E+00

"tbf
              1
 11.00000000  1.00000  6.2507E-13  1.9398E+01  0.0000E+00  1.1295E+01  1.8079E+01  0.0000E+00

"tbf
              1
 11.00000000  1.00000  1.6757E-12  1.9492E+01  0.0000E+00  1.2294E+01  1.8129E+01  0.0000E+00

"tbf
              1
 11.00000000  1.00000 -2.6512E-13  1.9568E+01  0.0000E+00  1.3253E+01  1.8177E+01  0.0000E+00

"tbf
              1
 11.00000000  1.00000 -2.7602E-12  1.9625E+01  0.0000E+00  1.4168E+01  1.8222E+01  0.0000E+00
