
"tbf
              1
  3.90000000  1.00000  1.4414E-09  1.0673E+00  0.0000E+00  7.6450E-02  1.1805E+00  0.0000E+00

"tbf
              1
  3.90000000  1.00000 -2.2706E-10  1.0647E+00  0.0000E+00  8.1064E-02  1.1808E+00  0.0000E+00

"tbf
              1
  3.90000000  1.00000  5.0865E-10  1.0622E+00  0.0000E+00  8.5469E-02  1.1810E+00  0.0000E+00

"tbf
              1
  3.90000000  1.00000 -2.4720E-09  1.0598E+00  0.0000E+00  8.9912E-02  1.1812E+00  0.0000E+00

"tbf
              1
  3.90000000  1.00000  6.6237E-10  1.0573E+00  0.0000E+00  9.4415E-02  1.1814E+00  0.0000E+00

"tbf
              1
  3.90000000  1.00000 -1.1447E-09  1.0548E+00  0.0000E+00  9.8986E-02  1.1817E+00  0.0000E+00

"tbf
              1
  3.90000000  1.00000  1.3661E-09  1.0523E+00  0.0000E+00  1.0363E-01  1.1819E+00  0.0000E+00

"tbf
              1
  3.90000000  1.00000 -9.3742E-10  1.0497E+00  0.0000E+00  1.0834E-01  1.1821E+00  0.0000E+00

"tbf
              1
  3.90000000  1.00000 -1.3105E-09  1.0471E+00  0.0000E+00  1.1313E-01  1.1824E+00  0.0000E+00

"tbf
              1
  3.90000000  1.00000  1.1366E-09  1.0445E+00  0.0000E+00  1.1798E-01  1.1826E+00  0.0000E+00

"tbf
              1
  3.90000000  1.00000  4.3110E-10  1.0418E+00  0.0000E+00  1.2290E-01  1.1829E+00  0.0000E+00

"tbf
              1
  3.90000000  1.00000  6.2661E-12  1.0392E+00  0.0000E+00  1.2790E-01  1.1831E+00  0.0000E+00

"tbf
              1
  3.90000000  1.00000  3.5657E-10  1.0364E+00  0.0000E+00  1.3295E-01  1.1834E+00  0.0000E+00

"tbf
              1
  3.90000000  1.00000 -1.3907E-10  1.0337E+00  0.0000E+00  1.3807E-01  1.1836E+00  0.0000E+00

"tbf
              1
  3.90000000  1.00000 -3.3226E-10  1.0309E+00  0.0000E+00  1.4325E-01  1.1839E+00  0.0000E+00

"tbf
              1
  3.90000000  1.00000  1.2577E-10  1.0281E+00  0.0000E+00  1.4849E-01  1.1841E+00  0.0000E+00

"tbf
              1
  3.90000000  1.00000 -6.9721E-10  1.0253E+00  0.0000E+00  1.5378E-01  1.1844E+00  0.0000E+00
