
"tbf
              1
  3.90000000  1.00000  1.3101E-09  1.5944E+00  0.0000E+00  7.6467E-02  1.8020E+00  0.0000E+00

"tbf
              1
  3.90000000  1.00000  7.5065E-10  1.5882E+00  0.0000E+00  8.1081E-02  1.8022E+00  0.0000E+00

"tbf
              1
  3.90000000  1.00000 -3.9305E-11  1.5824E+00  0.0000E+00  8.5486E-02  1.8024E+00  0.0000E+00

"tbf
              1
  3.90000000  1.00000 -1.8903E-09  1.5765E+00  0.0000E+00  8.9928E-02  1.8027E+00  0.0000E+00

"tbf
              1
  3.90000000  1.00000  1.6676E-09  1.5706E+00  0.0000E+00  9.4431E-02  1.8029E+00  0.0000E+00

"tbf
              1
  3.90000000  1.00000 -3.5890E-11  1.5647E+00  0.0000E+00  9.9002E-02  1.8031E+00  0.0000E+00

"tbf
              1
  3.90000000  1.00000  1.8147E-09  1.5587E+00  0.0000E+00  1.0364E-01  1.8033E+00  0.0000E+00

"tbf
              1
  3.90000000  1.00000 -2.1179E-10  1.5526E+00  0.0000E+00  1.0836E-01  1.8036E+00  0.0000E+00

"tbf
              1
  3.90000000  1.00000 -1.1875E-09  1.5464E+00  0.0000E+00  1.1314E-01  1.8038E+00  0.0000E+00

"tbf
              1
  3.90000000  1.00000 -8.3251E-10  1.5402E+00  0.0000E+00  1.1800E-01  1.8041E+00  0.0000E+00

"tbf
              1
  3.90000000  1.00000 -3.4516E-10  1.5339E+00  0.0000E+00  1.2292E-01  1.8043E+00  0.0000E+00

"tbf
              1
  3.90000000  1.00000 -3.1487E-10  1.5275E+00  0.0000E+00  1.2791E-01  1.8046E+00  0.0000E+00

"tbf
              1
  3.90000000  1.00000  1.6925E-09  1.5211E+00  0.0000E+00  1.3297E-01  1.8048E+00  0.0000E+00

"tbf
              1
  3.90000000  1.00000  2.3378E-09  1.5146E+00  0.0000E+00  1.3808E-01  1.8051E+00  0.0000E+00

"tbf
              1
  3.90000000  1.00000 -1.8542E-09  1.5081E+00  0.0000E+00  1.4326E-01  1.8053E+00  0.0000E+00

"tbf
              1
  3.90000000  1.00000  8.7482E-10  1.5015E+00  0.0000E+00  1.4850E-01  1.8056E+00  0.0000E+00

"tbf
              1
  3.90000000  1.00000 -1.3632E-09  1.4948E+00  0.0000E+00  1.5380E-01  1.8059E+00  0.0000E+00
