
"tbf
              1
  3.90000000  1.00000  1.3159E-09  4.5828E-01  0.0000E+00  7.6430E-02  4.6241E-01  0.0000E+00

"tbf
              1
  3.90000000  1.00000 -4.0460E-10  4.5974E-01  0.0000E+00  8.1045E-02  4.6264E-01  0.0000E+00

"tbf
              1
  3.90000000  1.00000 -1.0496E-09  4.6117E-01  0.0000E+00  8.5450E-02  4.6286E-01  0.0000E+00

"tbf
              1
  3.90000000  1.00000 -1.1083E-09  4.6262E-01  0.0000E+00  8.9893E-02  4.6308E-01  0.0000E+00

"tbf
              1
  3.90000000  1.00000  1.8473E-09  4.6409E-01  0.0000E+00  9.4396E-02  4.6331E-01  0.0000E+00

"tbf
              1
  3.90000000  1.00000  3.2011E-10  4.6557E-01  0.0000E+00  9.8968E-02  4.6354E-01  0.0000E+00

"tbf
              1
  3.90000000  1.00000  5.6378E-10  4.6707E-01  0.0000E+00  1.0361E-01  4.6377E-01  0.0000E+00

"tbf
              1
  3.90000000  1.00000  9.3787E-10  4.6859E-01  0.0000E+00  1.0832E-01  4.6400E-01  0.0000E+00

"tbf
              1
  3.90000000  1.00000 -1.8063E-09  4.7012E-01  0.0000E+00  1.1311E-01  4.6424E-01  0.0000E+00

"tbf
              1
  3.90000000  1.00000 -1.4200E-09  4.7167E-01  0.0000E+00  1.1796E-01  4.6449E-01  0.0000E+00

"tbf
              1
  3.90000000  1.00000  4.2910E-10  4.7323E-01  0.0000E+00  1.2289E-01  4.6473E-01  0.0000E+00

"tbf
              1
  3.90000000  1.00000  1.6046E-09  4.7480E-01  0.0000E+00  1.2788E-01  4.6498E-01  0.0000E+00

"tbf
              1
  3.90000000  1.00000 -1.8750E-10  4.7638E-01  0.0000E+00  1.3293E-01  4.6523E-01  0.0000E+00

"tbf
              1
  3.90000000  1.00000  1.7123E-09  4.7797E-01  0.0000E+00  1.3805E-01  4.6549E-01  0.0000E+00

"tbf
              1
  3.90000000  1.00000 -4.7964E-10  4.7956E-01  0.0000E+00  1.4323E-01  4.6575E-01  0.0000E+00

"tbf
              1
  3.90000000  1.00000 -5.1288E-10  4.8117E-01  0.0000E+00  1.4847E-01  4.6601E-01  0.0000E+00

"tbf
              1
  3.90000000  1.00000 -1.1344E-09  4.8277E-01  0.0000E+00  1.5377E-01  4.6628E-01  0.0000E+00
