
"tbf
              1
  3.90000000  1.00000  1.1532E-09  1.3075E+00  0.0000E+00  7.6458E-02  1.4637E+00  0.0000E+00

"tbf
              1
  3.90000000  1.00000  3.1825E-11  1.3032E+00  0.0000E+00  8.1072E-02  1.4639E+00  0.0000E+00

"tbf
              1
  3.90000000  1.00000 -1.0370E-09  1.2992E+00  0.0000E+00  8.5477E-02  1.4641E+00  0.0000E+00

"tbf
              1
  3.90000000  1.00000 -1.7483E-09  1.2952E+00  0.0000E+00  8.9919E-02  1.4644E+00  0.0000E+00

"tbf
              1
  3.90000000  1.00000  1.9156E-10  1.2912E+00  0.0000E+00  9.4422E-02  1.4646E+00  0.0000E+00

"tbf
              1
  3.90000000  1.00000 -9.5019E-10  1.2871E+00  0.0000E+00  9.8993E-02  1.4648E+00  0.0000E+00

"tbf
              1
  3.90000000  1.00000  9.2074E-10  1.2830E+00  0.0000E+00  1.0363E-01  1.4650E+00  0.0000E+00

"tbf
              1
  3.90000000  1.00000 -3.2552E-10  1.2788E+00  0.0000E+00  1.0835E-01  1.4653E+00  0.0000E+00

"tbf
              1
  3.90000000  1.00000 -9.7354E-10  1.2746E+00  0.0000E+00  1.1313E-01  1.4655E+00  0.0000E+00

"tbf
              1
  3.90000000  1.00000 -5.9219E-10  1.2703E+00  0.0000E+00  1.1799E-01  1.4658E+00  0.0000E+00

"tbf
              1
  3.90000000  1.00000 -5.1913E-10  1.2660E+00  0.0000E+00  1.2291E-01  1.4660E+00  0.0000E+00

"tbf
              1
  3.90000000  1.00000 -9.8663E-10  1.2617E+00  0.0000E+00  1.2790E-01  1.4663E+00  0.0000E+00

"tbf
              1
  3.90000000  1.00000  1.0460E-09  1.2573E+00  0.0000E+00  1.3296E-01  1.4665E+00  0.0000E+00

"tbf
              1
  3.90000000  1.00000  1.0791E-09  1.2528E+00  0.0000E+00  1.3808E-01  1.4668E+00  0.0000E+00

"tbf
              1
  3.90000000  1.00000  6.6120E-10  1.2483E+00  0.0000E+00  1.4326E-01  1.4670E+00  0.0000E+00

"tbf
              1
  3.90000000  1.00000  7.4792E-10  1.2438E+00  0.0000E+00  1.4849E-01  1.4673E+00  0.0000E+00

"tbf
              1
  3.90000000  1.00000  5.8059E-11  1.2392E+00  0.0000E+00  1.5379E-01  1.4675E+00  0.0000E+00
