
"tbf
              1
  3.90000000  1.00000  2.2448E-09  8.6771E-01  0.0000E+00  7.6444E-02  9.4515E-01  0.0000E+00

"tbf
              1
  3.90000000  1.00000 -1.1703E-09  8.6640E-01  0.0000E+00  8.1058E-02  9.4538E-01  0.0000E+00

"tbf
              1
  3.90000000  1.00000  2.4566E-10  8.6521E-01  0.0000E+00  8.5463E-02  9.4560E-01  0.0000E+00

"tbf
              1
  3.90000000  1.00000 -1.2914E-09  8.6404E-01  0.0000E+00  8.9906E-02  9.4583E-01  0.0000E+00

"tbf
              1
  3.90000000  1.00000  8.0498E-10  8.6285E-01  0.0000E+00  9.4409E-02  9.4605E-01  0.0000E+00

"tbf
              1
  3.90000000  1.00000 -1.3960E-09  8.6166E-01  0.0000E+00  9.8980E-02  9.4628E-01  0.0000E+00

"tbf
              1
  3.90000000  1.00000  3.1953E-10  8.6045E-01  0.0000E+00  1.0362E-01  9.4651E-01  0.0000E+00

"tbf
              1
  3.90000000  1.00000 -1.3655E-09  8.5923E-01  0.0000E+00  1.0834E-01  9.4675E-01  0.0000E+00

"tbf
              1
  3.90000000  1.00000 -1.4381E-09  8.5799E-01  0.0000E+00  1.1312E-01  9.4699E-01  0.0000E+00

"tbf
              1
  3.90000000  1.00000  9.8973E-10  8.5673E-01  0.0000E+00  1.1798E-01  9.4723E-01  0.0000E+00

"tbf
              1
  3.90000000  1.00000 -1.5661E-09  8.5546E-01  0.0000E+00  1.2290E-01  9.4748E-01  0.0000E+00

"tbf
              1
  3.90000000  1.00000  1.0739E-09  8.5417E-01  0.0000E+00  1.2789E-01  9.4772E-01  0.0000E+00

"tbf
              1
  3.90000000  1.00000  1.0841E-09  8.5287E-01  0.0000E+00  1.3295E-01  9.4798E-01  0.0000E+00

"tbf
              1
  3.90000000  1.00000  2.5022E-09  8.5155E-01  0.0000E+00  1.3806E-01  9.4823E-01  0.0000E+00

"tbf
              1
  3.90000000  1.00000  1.1129E-09  8.5021E-01  0.0000E+00  1.4324E-01  9.4849E-01  0.0000E+00

"tbf
              1
  3.90000000  1.00000  6.0483E-10  8.4885E-01  0.0000E+00  1.4848E-01  9.4875E-01  0.0000E+00

"tbf
              1
  3.90000000  1.00000 -1.2938E-09  8.4748E-01  0.0000E+00  1.5378E-01  9.4902E-01  0.0000E+00
