
"tbf
              1
  3.90000000  1.00000  4.2740E-10  5.6797E-01  0.0000E+00  7.6434E-02  5.9174E-01  0.0000E+00

"tbf
              1
  3.90000000  1.00000  4.5123E-10  5.6868E-01  0.0000E+00  8.1048E-02  5.9197E-01  0.0000E+00

"tbf
              1
  3.90000000  1.00000 -3.6817E-10  5.6942E-01  0.0000E+00  8.5454E-02  5.9219E-01  0.0000E+00

"tbf
              1
  3.90000000  1.00000 -8.1233E-10  5.7016E-01  0.0000E+00  8.9896E-02  5.9241E-01  0.0000E+00

"tbf
              1
  3.90000000  1.00000 -3.5267E-10  5.7092E-01  0.0000E+00  9.4399E-02  5.9263E-01  0.0000E+00

"tbf
              1
  3.90000000  1.00000 -5.3592E-10  5.7168E-01  0.0000E+00  9.8971E-02  5.9286E-01  0.0000E+00

"tbf
              1
  3.90000000  1.00000  1.0323E-09  5.7246E-01  0.0000E+00  1.0361E-01  5.9310E-01  0.0000E+00

"tbf
              1
  3.90000000  1.00000 -1.2848E-09  5.7324E-01  0.0000E+00  1.0833E-01  5.9333E-01  0.0000E+00

"tbf
              1
  3.90000000  1.00000 -1.3248E-09  5.7403E-01  0.0000E+00  1.1311E-01  5.9357E-01  0.0000E+00

"tbf
              1
  3.90000000  1.00000 -1.0829E-10  5.7483E-01  0.0000E+00  1.1797E-01  5.9381E-01  0.0000E+00

"tbf
              1
  3.90000000  1.00000 -3.3991E-13  5.7563E-01  0.0000E+00  1.2289E-01  5.9406E-01  0.0000E+00

"tbf
              1
  3.90000000  1.00000  1.7163E-09  5.7643E-01  0.0000E+00  1.2788E-01  5.9431E-01  0.0000E+00

"tbf
              1
  3.90000000  1.00000  5.1242E-10  5.7724E-01  0.0000E+00  1.3294E-01  5.9456E-01  0.0000E+00

"tbf
              1
  3.90000000  1.00000  8.0694E-10  5.7805E-01  0.0000E+00  1.3806E-01  5.9482E-01  0.0000E+00

"tbf
              1
  3.90000000  1.00000 -1.6256E-10  5.7886E-01  0.0000E+00  1.4324E-01  5.9508E-01  0.0000E+00

"tbf
              1
  3.90000000  1.00000 -1.6184E-10  5.7967E-01  0.0000E+00  1.4848E-01  5.9534E-01  0.0000E+00

"tbf
              1
  3.90000000  1.00000 -5.7385E-10  5.8048E-01  0.0000E+00  1.5377E-01  5.9560E-01  0.0000E+00
