
"tbf
              1
  3.90000000  1.00000  1.8394E-09  7.0294E-01  0.0000E+00  7.6438E-02  7.5088E-01  0.0000E+00

"tbf
              1
  3.90000000  1.00000  7.6728E-10  7.0274E-01  0.0000E+00  8.1053E-02  7.5111E-01  0.0000E+00

"tbf
              1
  3.90000000  1.00000 -4.4650E-10  7.0261E-01  0.0000E+00  8.5458E-02  7.5133E-01  0.0000E+00

"tbf
              1
  3.90000000  1.00000 -2.1454E-09  7.0249E-01  0.0000E+00  8.9901E-02  7.5155E-01  0.0000E+00

"tbf
              1
  3.90000000  1.00000  4.4759E-10  7.0237E-01  0.0000E+00  9.4404E-02  7.5178E-01  0.0000E+00

"tbf
              1
  3.90000000  1.00000  9.1728E-10  7.0226E-01  0.0000E+00  9.8975E-02  7.5201E-01  0.0000E+00

"tbf
              1
  3.90000000  1.00000  1.1875E-09  7.0214E-01  0.0000E+00  1.0362E-01  7.5224E-01  0.0000E+00

"tbf
              1
  3.90000000  1.00000 -8.8911E-10  7.0202E-01  0.0000E+00  1.0833E-01  7.5247E-01  0.0000E+00

"tbf
              1
  3.90000000  1.00000  4.8893E-11  7.0190E-01  0.0000E+00  1.1312E-01  7.5271E-01  0.0000E+00

"tbf
              1
  3.90000000  1.00000  3.9816E-11  7.0177E-01  0.0000E+00  1.1797E-01  7.5296E-01  0.0000E+00

"tbf
              1
  3.90000000  1.00000  1.3183E-09  7.0164E-01  0.0000E+00  1.2289E-01  7.5320E-01  0.0000E+00

"tbf
              1
  3.90000000  1.00000  1.2321E-09  7.0150E-01  0.0000E+00  1.2789E-01  7.5345E-01  0.0000E+00

"tbf
              1
  3.90000000  1.00000  5.9650E-10  7.0135E-01  0.0000E+00  1.3294E-01  7.5370E-01  0.0000E+00

"tbf
              1
  3.90000000  1.00000  1.7603E-09  7.0120E-01  0.0000E+00  1.3806E-01  7.5396E-01  0.0000E+00

"tbf
              1
  3.90000000  1.00000  6.2763E-11  7.0105E-01  0.0000E+00  1.4324E-01  7.5422E-01  0.0000E+00

"tbf
              1
  3.90000000  1.00000 -1.1651E-10  7.0088E-01  0.0000E+00  1.4848E-01  7.5448E-01  0.0000E+00

"tbf
              1
  3.90000000  1.00000 -1.3839E-09  7.0071E-01  0.0000E+00  1.5377E-01  7.5475E-01  0.0000E+00
