
"tbf
              1
 11.00000000  1.00000  4.6010E+00  2.5688E+01  0.0000E+00  4.8296E+00  2.5830E+01  0.0000E+00

"tbf
              1
 11.00000000  1.00000  4.5990E+00  2.5721E+01  0.0000E+00  4.8896E+00  2.5830E+01  0.0000E+00

"tbf
              1
 11.00000000  1.00000  4.5990E+00  2.5637E+01  0.0000E+00  5.2150E+00  2.5830E+01  0.0000E+00

"tbf
              1
 11.00000000  1.00000  4.5990E+00  2.5522E+01  0.0000E+00  5.6687E+00  2.5830E+01  0.0000E+00

"tbf
              1
 11.00000000  1.00000  4.5991E+00  2.5380E+01  0.0000E+00  6.2360E+00  2.5830E+01  0.0000E+00

"tbf
              1
 11.00000000  1.00000  4.5991E+00  2.5212E+01  0.0000E+00  6.8995E+00  2.5830E+01  0.0000E+00

"tbf
              1
 11.00000000  1.00000  4.5991E+00  2.5023E+01  0.0000E+00  7.6405E+00  2.5830E+01  0.0000E+00

"tbf
              1
 11.00000000  1.00000  4.5991E+00  2.4815E+01  0.0000E+00  8.4400E+00  2.5830E+01  0.0000E+00

"tbf
              1
 11.00000000  1.00000  4.5992E+00  2.4592E+01  0.0000E+00  9.2796E+00  2.5830E+01  0.0000E+00

"tbf
              1
 11.00000000  1.00000  4.5992E+00  2.4358E+01  0.0000E+00  1.0143E+01  2.5830E+01  0.0000E+00

"tbf
              1
 11.00000000  1.00000  4.5992E+00  2.4114E+01  0.0000E+00  1.1014E+01  2.5830E+01  0.0000E+00

"tbf
              1
 11.00000000  1.00000  4.5992E+00  2.3865E+01  0.0000E+00  1.1882E+01  2.5830E+01  0.0000E+00

"tbf
              1
 11.00000000  1.00000  4.5992E+00  2.3612E+01  0.0000E+00  1.2736E+01  2.5830E+01  0.0000E+00

"tbf
              1
 11.00000000  1.00000  4.5992E+00  2.3357E+01  0.0000E+00  1.3569E+01  2.5830E+01  0.0000E+00

"tbf
              1
 11.00000000  1.00000  4.5992E+00  2.3102E+01  0.0000E+00  1.4375E+01  2.5830E+01  0.0000E+00

"tbf
              1
 11.00000000  1.00000  4.5992E+00  2.2849E+01  0.0000E+00  1.5150E+01  2.5830E+01  0.0000E+00

"tbf
              1
 11.00000000  1.00000  4.5993E+00  2.2598E+01  0.0000E+00  1.5891E+01  2.5830E+01  0.0000E+00
