
"tbf
              1
 11.20000000  1.00000  1.9746E+01  2.1862E+01  0.0000E+00  1.9737E+01  2.1821E+01  0.0000E+00

"tbf
              1
 11.20000000  1.00000  4.6908E+00  2.1815E+01  0.0000E+00  4.9437E+00  2.1823E+01  0.0000E+00

"tbf
              1
 11.20000000  1.00000  4.6901E+00  2.1804E+01  0.0000E+00  5.3350E+00  2.1823E+01  0.0000E+00

"tbf
              1
 11.20000000  1.00000  4.6910E+00  2.1791E+01  0.0000E+00  5.8536E+00  2.1823E+01  0.0000E+00

"tbf
              1
 11.20000000  1.00000  4.6907E+00  2.1774E+01  0.0000E+00  6.4800E+00  2.1823E+01  0.0000E+00

"tbf
              1
 11.20000000  1.00000  4.6913E+00  2.1750E+01  0.0000E+00  7.1973E+00  2.1823E+01  0.0000E+00

"tbf
              1
 11.20000000  1.00000  4.6915E+00  2.1721E+01  0.0000E+00  7.9843E+00  2.1823E+01  0.0000E+00

"tbf
              1
 11.20000000  1.00000  4.6911E+00  2.1683E+01  0.0000E+00  8.8213E+00  2.1823E+01  0.0000E+00

"tbf
              1
 11.20000000  1.00000  4.6901E+00  2.1637E+01  0.0000E+00  9.6896E+00  2.1823E+01  0.0000E+00

"tbf
              1
 11.20000000  1.00000  4.6908E+00  2.1583E+01  0.0000E+00  1.0575E+01  2.1823E+01  0.0000E+00

"tbf
              1
 11.20000000  1.00000  4.6905E+00  2.1519E+01  0.0000E+00  1.1460E+01  2.1823E+01  0.0000E+00

"tbf
              1
 11.20000000  1.00000  4.6904E+00  2.1447E+01  0.0000E+00  1.2335E+01  2.1823E+01  0.0000E+00

"tbf
              1
 11.20000000  1.00000  4.6903E+00  2.1367E+01  0.0000E+00  1.3191E+01  2.1823E+01  0.0000E+00

"tbf
              1
 11.20000000  1.00000  4.6912E+00  2.1279E+01  0.0000E+00  1.4020E+01  2.1823E+01  0.0000E+00

"tbf
              1
 11.20000000  1.00000  4.6912E+00  2.1184E+01  0.0000E+00  1.4818E+01  2.1823E+01  0.0000E+00

"tbf
              1
 11.20000000  1.00000  4.6910E+00  2.1082E+01  0.0000E+00  1.5581E+01  2.1823E+01  0.0000E+00

"tbf
              1
 11.20000000  1.00000  4.6908E+00  2.0976E+01  0.0000E+00  1.6307E+01  2.1823E+01  0.0000E+00
