
"tbf
              1
 11.00000000  1.00000  4.6010E+00  2.3737E+01  0.0000E+00  4.8296E+00  2.3845E+01  0.0000E+00

"tbf
              1
 11.00000000  1.00000  4.5990E+00  2.3773E+01  0.0000E+00  4.8896E+00  2.3845E+01  0.0000E+00

"tbf
              1
 11.00000000  1.00000  4.5990E+00  2.3726E+01  0.0000E+00  5.2150E+00  2.3845E+01  0.0000E+00

"tbf
              1
 11.00000000  1.00000  4.5990E+00  2.3664E+01  0.0000E+00  5.6687E+00  2.3845E+01  0.0000E+00

"tbf
              1
 11.00000000  1.00000  4.5991E+00  2.3587E+01  0.0000E+00  6.2359E+00  2.3845E+01  0.0000E+00

"tbf
              1
 11.00000000  1.00000  4.5991E+00  2.3495E+01  0.0000E+00  6.8995E+00  2.3845E+01  0.0000E+00

"tbf
              1
 11.00000000  1.00000  4.5991E+00  2.3389E+01  0.0000E+00  7.6405E+00  2.3845E+01  0.0000E+00

"tbf
              1
 11.00000000  1.00000  4.5991E+00  2.3271E+01  0.0000E+00  8.4400E+00  2.3845E+01  0.0000E+00

"tbf
              1
 11.00000000  1.00000  4.5992E+00  2.3142E+01  0.0000E+00  9.2796E+00  2.3845E+01  0.0000E+00

"tbf
              1
 11.00000000  1.00000  4.5992E+00  2.3002E+01  0.0000E+00  1.0143E+01  2.3845E+01  0.0000E+00

"tbf
              1
 11.00000000  1.00000  4.5992E+00  2.2854E+01  0.0000E+00  1.1014E+01  2.3845E+01  0.0000E+00

"tbf
              1
 11.00000000  1.00000  4.5992E+00  2.2699E+01  0.0000E+00  1.1882E+01  2.3845E+01  0.0000E+00

"tbf
              1
 11.00000000  1.00000  4.5992E+00  2.2537E+01  0.0000E+00  1.2736E+01  2.3845E+01  0.0000E+00

"tbf
              1
 11.00000000  1.00000  4.5992E+00  2.2371E+01  0.0000E+00  1.3569E+01  2.3845E+01  0.0000E+00

"tbf
              1
 11.00000000  1.00000  4.5992E+00  2.2201E+01  0.0000E+00  1.4375E+01  2.3845E+01  0.0000E+00

"tbf
              1
 11.00000000  1.00000  4.5992E+00  2.2029E+01  0.0000E+00  1.5150E+01  2.3845E+01  0.0000E+00

"tbf
              1
 11.00000000  1.00000  4.5993E+00  2.1854E+01  0.0000E+00  1.5891E+01  2.3845E+01  0.0000E+00
