
"tbf
              1
 11.00000000  1.00000  4.6010E+00  1.8422E+01  0.0000E+00  4.8296E+00  1.8436E+01  0.0000E+00

"tbf
              1
 11.00000000  1.00000  4.5990E+00  1.8465E+01  0.0000E+00  4.8896E+00  1.8436E+01  0.0000E+00

"tbf
              1
 11.00000000  1.00000  4.5990E+00  1.8522E+01  0.0000E+00  5.2150E+00  1.8436E+01  0.0000E+00

"tbf
              1
 11.00000000  1.00000  4.5990E+00  1.8602E+01  0.0000E+00  5.6687E+00  1.8436E+01  0.0000E+00

"tbf
              1
 11.00000000  1.00000  4.5991E+00  1.8702E+01  0.0000E+00  6.2359E+00  1.8436E+01  0.0000E+00

"tbf
              1
 11.00000000  1.00000  4.5991E+00  1.8816E+01  0.0000E+00  6.8995E+00  1.8436E+01  0.0000E+00

"tbf
              1
 11.00000000  1.00000  4.5991E+00  1.8938E+01  0.0000E+00  7.6405E+00  1.8436E+01  0.0000E+00

"tbf
              1
 11.00000000  1.00000  4.5991E+00  1.9064E+01  0.0000E+00  8.4400E+00  1.8436E+01  0.0000E+00

"tbf
              1
 11.00000000  1.00000  4.5992E+00  1.9190E+01  0.0000E+00  9.2796E+00  1.8436E+01  0.0000E+00

"tbf
              1
 11.00000000  1.00000  4.5992E+00  1.9309E+01  0.0000E+00  1.0143E+01  1.8436E+01  0.0000E+00

"tbf
              1
 11.00000000  1.00000  4.5992E+00  1.9421E+01  0.0000E+00  1.1014E+01  1.8436E+01  0.0000E+00

"tbf
              1
 11.00000000  1.00000  4.5992E+00  1.9522E+01  0.0000E+00  1.1882E+01  1.8436E+01  0.0000E+00

"tbf
              1
 11.00000000  1.00000  4.5992E+00  1.9610E+01  0.0000E+00  1.2736E+01  1.8436E+01  0.0000E+00

"tbf
              1
 11.00000000  1.00000  4.5992E+00  1.9685E+01  0.0000E+00  1.3569E+01  1.8436E+01  0.0000E+00

"tbf
              1
 11.00000000  1.00000  4.5992E+00  1.9746E+01  0.0000E+00  1.4375E+01  1.8436E+01  0.0000E+00

"tbf
              1
 11.00000000  1.00000  4.5992E+00  1.9793E+01  0.0000E+00  1.5150E+01  1.8436E+01  0.0000E+00

"tbf
              1
 11.00000000  1.00000  4.5993E+00  1.9827E+01  0.0000E+00  1.5891E+01  1.8436E+01  0.0000E+00
