
"tbf
              1
 11.00000000  1.00000 -1.3877E-12  2.7593E+01  0.0000E+00  3.7077E-01  2.7907E+01  0.0000E+00

"tbf
              1
 11.00000000  1.00000 -2.6387E-12  2.7658E+01  0.0000E+00  4.2208E-01  2.7907E+01  0.0000E+00

"tbf
              1
 11.00000000  1.00000  9.5542E-13  2.7537E+01  0.0000E+00  8.3872E-01  2.7907E+01  0.0000E+00

"tbf
              1
 11.00000000  1.00000 -6.6886E-12  2.7374E+01  0.0000E+00  1.4177E+00  2.7907E+01  0.0000E+00

"tbf
              1
 11.00000000  1.00000 -1.0522E-11  2.7173E+01  0.0000E+00  2.1399E+00  2.7907E+01  0.0000E+00

"tbf
              1
 11.00000000  1.00000  6.8506E-12  2.6937E+01  0.0000E+00  2.9827E+00  2.7907E+01  0.0000E+00

"tbf
              1
 11.00000000  1.00000 -6.9033E-12  2.6673E+01  0.0000E+00  3.9218E+00  2.7907E+01  0.0000E+00

"tbf
              1
 11.00000000  1.00000 -3.1909E-12  2.6386E+01  0.0000E+00  4.9326E+00  2.7907E+01  0.0000E+00

"tbf
              1
 11.00000000  1.00000 -1.1348E-13  2.6081E+01  0.0000E+00  5.9913E+00  2.7907E+01  0.0000E+00

"tbf
              1
 11.00000000  1.00000  1.0041E-11  2.5765E+01  0.0000E+00  7.0766E+00  2.7907E+01  0.0000E+00

"tbf
              1
 11.00000000  1.00000 -6.2092E-12  2.5441E+01  0.0000E+00  8.1696E+00  2.7907E+01  0.0000E+00

"tbf
              1
 11.00000000  1.00000  5.0491E-12  2.5113E+01  0.0000E+00  9.2548E+00  2.7907E+01  0.0000E+00

"tbf
              1
 11.00000000  1.00000 -1.2055E-12  2.4784E+01  0.0000E+00  1.0320E+01  2.7907E+01  0.0000E+00

"tbf
              1
 11.00000000  1.00000 -7.5925E-12  2.4458E+01  0.0000E+00  1.1355E+01  2.7907E+01  0.0000E+00

"tbf
              1
 11.00000000  1.00000 -9.4132E-12  2.4137E+01  0.0000E+00  1.2353E+01  2.7907E+01  0.0000E+00

"tbf
              1
 11.00000000  1.00000 -3.7784E-12  2.3822E+01  0.0000E+00  1.3310E+01  2.7907E+01  0.0000E+00

"tbf
              1
 11.00000000  1.00000  2.3464E-12  2.3514E+01  0.0000E+00  1.4222E+01  2.7907E+01  0.0000E+00
