
"tbf
              1
 11.00000000  1.00000  4.6010E+00  2.0105E+01  0.0000E+00  4.8296E+00  2.0148E+01  0.0000E+00

"tbf
              1
 11.00000000  1.00000  4.5990E+00  2.0145E+01  0.0000E+00  4.8896E+00  2.0148E+01  0.0000E+00

"tbf
              1
 11.00000000  1.00000  4.5990E+00  2.0169E+01  0.0000E+00  5.2150E+00  2.0148E+01  0.0000E+00

"tbf
              1
 11.00000000  1.00000  4.5990E+00  2.0205E+01  0.0000E+00  5.6687E+00  2.0148E+01  0.0000E+00

"tbf
              1
 11.00000000  1.00000  4.5991E+00  2.0248E+01  0.0000E+00  6.2359E+00  2.0148E+01  0.0000E+00

"tbf
              1
 11.00000000  1.00000  4.5991E+00  2.0297E+01  0.0000E+00  6.8995E+00  2.0148E+01  0.0000E+00

"tbf
              1
 11.00000000  1.00000  4.5991E+00  2.0347E+01  0.0000E+00  7.6405E+00  2.0148E+01  0.0000E+00

"tbf
              1
 11.00000000  1.00000  4.5991E+00  2.0396E+01  0.0000E+00  8.4400E+00  2.0148E+01  0.0000E+00

"tbf
              1
 11.00000000  1.00000  4.5992E+00  2.0441E+01  0.0000E+00  9.2796E+00  2.0148E+01  0.0000E+00

"tbf
              1
 11.00000000  1.00000  4.5992E+00  2.0478E+01  0.0000E+00  1.0143E+01  2.0148E+01  0.0000E+00

"tbf
              1
 11.00000000  1.00000  4.5992E+00  2.0508E+01  0.0000E+00  1.1014E+01  2.0148E+01  0.0000E+00

"tbf
              1
 11.00000000  1.00000  4.5992E+00  2.0527E+01  0.0000E+00  1.1882E+01  2.0148E+01  0.0000E+00

"tbf
              1
 11.00000000  1.00000  4.5992E+00  2.0537E+01  0.0000E+00  1.2736E+01  2.0148E+01  0.0000E+00

"tbf
              1
 11.00000000  1.00000  4.5992E+00  2.0535E+01  0.0000E+00  1.3569E+01  2.0148E+01  0.0000E+00

"tbf
              1
 11.00000000  1.00000  4.5992E+00  2.0523E+01  0.0000E+00  1.4375E+01  2.0148E+01  0.0000E+00

"tbf
              1
 11.00000000  1.00000  4.5992E+00  2.0501E+01  0.0000E+00  1.5150E+01  2.0148E+01  0.0000E+00

"tbf
              1
 11.00000000  1.00000  4.5993E+00  2.0469E+01  0.0000E+00  1.5891E+01  2.0148E+01  0.0000E+00
