
"tbf
              1
 11.00000000  1.00000 -1.2242E-12  2.9708E+01  0.0000E+00  3.7077E-01  3.0075E+01  0.0000E+00

"tbf
              1
 11.00000000  1.00000 -1.4033E-12  2.9774E+01  0.0000E+00  4.2208E-01  3.0075E+01  0.0000E+00

"tbf
              1
 11.00000000  1.00000 -4.0884E-12  2.9612E+01  0.0000E+00  8.3872E-01  3.0075E+01  0.0000E+00

"tbf
              1
 11.00000000  1.00000  1.7931E-12  2.9393E+01  0.0000E+00  1.4177E+00  3.0075E+01  0.0000E+00

"tbf
              1
 11.00000000  1.00000 -3.7184E-12  2.9120E+01  0.0000E+00  2.1399E+00  3.0075E+01  0.0000E+00

"tbf
              1
 11.00000000  1.00000 -2.2829E-12  2.8803E+01  0.0000E+00  2.9827E+00  3.0075E+01  0.0000E+00

"tbf
              1
 11.00000000  1.00000 -1.1213E-11  2.8448E+01  0.0000E+00  3.9218E+00  3.0075E+01  0.0000E+00

"tbf
              1
 11.00000000  1.00000  3.6179E-12  2.8064E+01  0.0000E+00  4.9326E+00  3.0075E+01  0.0000E+00

"tbf
              1
 11.00000000  1.00000  3.8478E-12  2.7658E+01  0.0000E+00  5.9913E+00  3.0075E+01  0.0000E+00

"tbf
              1
 11.00000000  1.00000  2.1320E-12  2.7238E+01  0.0000E+00  7.0766E+00  3.0075E+01  0.0000E+00

"tbf
              1
 11.00000000  1.00000 -6.2705E-12  2.6810E+01  0.0000E+00  8.1696E+00  3.0075E+01  0.0000E+00

"tbf
              1
 11.00000000  1.00000  2.4144E-12  2.6380E+01  0.0000E+00  9.2548E+00  3.0075E+01  0.0000E+00

"tbf
              1
 11.00000000  1.00000  6.6868E-12  2.5953E+01  0.0000E+00  1.0320E+01  3.0075E+01  0.0000E+00

"tbf
              1
 11.00000000  1.00000 -1.0086E-11  2.5531E+01  0.0000E+00  1.1355E+01  3.0075E+01  0.0000E+00

"tbf
              1
 11.00000000  1.00000 -5.8079E-12  2.5117E+01  0.0000E+00  1.2353E+01  3.0075E+01  0.0000E+00

"tbf
              1
 11.00000000  1.00000 -2.1008E-12  2.4714E+01  0.0000E+00  1.3310E+01  3.0075E+01  0.0000E+00

"tbf
              1
 11.00000000  1.00000 -4.2444E-12  2.4323E+01  0.0000E+00  1.4222E+01  3.0075E+01  0.0000E+00
