
"tbf
              1
  3.90000000  1.00000  1.3982E-09  1.1168E+00  0.0000E+00  7.6452E-02  1.2386E+00  0.0000E+00

"tbf
              1
  3.90000000  1.00000  5.9740E-10  1.1136E+00  0.0000E+00  8.1066E-02  1.2386E+00  0.0000E+00

"tbf
              1
  3.90000000  1.00000  2.3455E-10  1.1107E+00  0.0000E+00  8.5471E-02  1.2386E+00  0.0000E+00

"tbf
              1
  3.90000000  1.00000 -1.4629E-09  1.1077E+00  0.0000E+00  8.9913E-02  1.2386E+00  0.0000E+00

"tbf
              1
  3.90000000  1.00000  3.0479E-10  1.1047E+00  0.0000E+00  9.4416E-02  1.2386E+00  0.0000E+00

"tbf
              1
  3.90000000  1.00000 -2.0867E-09  1.1017E+00  0.0000E+00  9.8987E-02  1.2386E+00  0.0000E+00

"tbf
              1
  3.90000000  1.00000  5.2464E-10  1.0987E+00  0.0000E+00  1.0363E-01  1.2386E+00  0.0000E+00

"tbf
              1
  3.90000000  1.00000  1.2607E-09  1.0956E+00  0.0000E+00  1.0834E-01  1.2386E+00  0.0000E+00

"tbf
              1
  3.90000000  1.00000 -1.3263E-09  1.0925E+00  0.0000E+00  1.1313E-01  1.2386E+00  0.0000E+00

"tbf
              1
  3.90000000  1.00000  2.6133E-10  1.0894E+00  0.0000E+00  1.1798E-01  1.2386E+00  0.0000E+00

"tbf
              1
  3.90000000  1.00000  4.7686E-10  1.0862E+00  0.0000E+00  1.2291E-01  1.2386E+00  0.0000E+00

"tbf
              1
  3.90000000  1.00000  6.7876E-10  1.0830E+00  0.0000E+00  1.2790E-01  1.2386E+00  0.0000E+00

"tbf
              1
  3.90000000  1.00000  1.3406E-09  1.0797E+00  0.0000E+00  1.3295E-01  1.2386E+00  0.0000E+00

"tbf
              1
  3.90000000  1.00000  1.7365E-09  1.0765E+00  0.0000E+00  1.3807E-01  1.2386E+00  0.0000E+00

"tbf
              1
  3.90000000  1.00000 -1.4254E-09  1.0732E+00  0.0000E+00  1.4325E-01  1.2386E+00  0.0000E+00

"tbf
              1
  3.90000000  1.00000  1.0021E-09  1.0698E+00  0.0000E+00  1.4849E-01  1.2386E+00  0.0000E+00

"tbf
              1
  3.90000000  1.00000 -1.2575E-09  1.0665E+00  0.0000E+00  1.5378E-01  1.2386E+00  0.0000E+00
