
"tbf
              1
  3.90000000  1.00000  9.7331E-03  5.9106E-01  0.0000E+00  8.4579E-02  6.1886E-01  0.0000E+00

"tbf
              1
  3.90000000  1.00000  9.7331E-03  5.9144E-01  0.0000E+00  8.9156E-02  6.1886E-01  0.0000E+00

"tbf
              1
  3.90000000  1.00000  9.7331E-03  5.9186E-01  0.0000E+00  9.3526E-02  6.1886E-01  0.0000E+00

"tbf
              1
  3.90000000  1.00000  9.7331E-03  5.9229E-01  0.0000E+00  9.7933E-02  6.1886E-01  0.0000E+00

"tbf
              1
  3.90000000  1.00000  9.7331E-03  5.9274E-01  0.0000E+00  1.0240E-01  6.1886E-01  0.0000E+00

"tbf
              1
  3.90000000  1.00000  9.7331E-03  5.9319E-01  0.0000E+00  1.0693E-01  6.1886E-01  0.0000E+00

"tbf
              1
  3.90000000  1.00000  9.7331E-03  5.9364E-01  0.0000E+00  1.1154E-01  6.1886E-01  0.0000E+00

"tbf
              1
  3.90000000  1.00000  9.7331E-03  5.9411E-01  0.0000E+00  1.1621E-01  6.1886E-01  0.0000E+00

"tbf
              1
  3.90000000  1.00000  9.7331E-03  5.9457E-01  0.0000E+00  1.2096E-01  6.1886E-01  0.0000E+00

"tbf
              1
  3.90000000  1.00000  9.7331E-03  5.9505E-01  0.0000E+00  1.2577E-01  6.1886E-01  0.0000E+00

"tbf
              1
  3.90000000  1.00000  9.7331E-03  5.9553E-01  0.0000E+00  1.3065E-01  6.1886E-01  0.0000E+00

"tbf
              1
  3.90000000  1.00000  9.7331E-03  5.9600E-01  0.0000E+00  1.3560E-01  6.1886E-01  0.0000E+00

"tbf
              1
  3.90000000  1.00000  9.7331E-03  5.9649E-01  0.0000E+00  1.4061E-01  6.1886E-01  0.0000E+00

"tbf
              1
  3.90000000  1.00000  9.7331E-03  5.9697E-01  0.0000E+00  1.4569E-01  6.1886E-01  0.0000E+00

"tbf
              1
  3.90000000  1.00000  9.7331E-03  5.9745E-01  0.0000E+00  1.5082E-01  6.1886E-01  0.0000E+00

"tbf
              1
  3.90000000  1.00000  9.7331E-03  5.9794E-01  0.0000E+00  1.5601E-01  6.1886E-01  0.0000E+00

"tbf
              1
  3.90000000  1.00000  9.7331E-03  5.9842E-01  0.0000E+00  1.6126E-01  6.1886E-01  0.0000E+00
