
"tbf
              1
  3.90000000  1.00000  9.7331E-03  4.7560E-01  0.0000E+00  8.4576E-02  4.8272E-01  0.0000E+00

"tbf
              1
  3.90000000  1.00000  9.7331E-03  4.7676E-01  0.0000E+00  8.9152E-02  4.8272E-01  0.0000E+00

"tbf
              1
  3.90000000  1.00000  9.7331E-03  4.7792E-01  0.0000E+00  9.3523E-02  4.8272E-01  0.0000E+00

"tbf
              1
  3.90000000  1.00000  9.7331E-03  4.7909E-01  0.0000E+00  9.7929E-02  4.8272E-01  0.0000E+00

"tbf
              1
  3.90000000  1.00000  9.7331E-03  4.8028E-01  0.0000E+00  1.0240E-01  4.8272E-01  0.0000E+00

"tbf
              1
  3.90000000  1.00000  9.7331E-03  4.8149E-01  0.0000E+00  1.0693E-01  4.8272E-01  0.0000E+00

"tbf
              1
  3.90000000  1.00000  9.7331E-03  4.8271E-01  0.0000E+00  1.1153E-01  4.8272E-01  0.0000E+00

"tbf
              1
  3.90000000  1.00000  9.7331E-03  4.8394E-01  0.0000E+00  1.1621E-01  4.8272E-01  0.0000E+00

"tbf
              1
  3.90000000  1.00000  9.7331E-03  4.8519E-01  0.0000E+00  1.2095E-01  4.8272E-01  0.0000E+00

"tbf
              1
  3.90000000  1.00000  9.7331E-03  4.8645E-01  0.0000E+00  1.2577E-01  4.8272E-01  0.0000E+00

"tbf
              1
  3.90000000  1.00000  9.7331E-03  4.8773E-01  0.0000E+00  1.3065E-01  4.8272E-01  0.0000E+00

"tbf
              1
  3.90000000  1.00000  9.7331E-03  4.8901E-01  0.0000E+00  1.3560E-01  4.8272E-01  0.0000E+00

"tbf
              1
  3.90000000  1.00000  9.7331E-03  4.9031E-01  0.0000E+00  1.4061E-01  4.8272E-01  0.0000E+00

"tbf
              1
  3.90000000  1.00000  9.7331E-03  4.9161E-01  0.0000E+00  1.4568E-01  4.8272E-01  0.0000E+00

"tbf
              1
  3.90000000  1.00000  9.7331E-03  4.9292E-01  0.0000E+00  1.5082E-01  4.8272E-01  0.0000E+00

"tbf
              1
  3.90000000  1.00000  9.7331E-03  4.9423E-01  0.0000E+00  1.5601E-01  4.8272E-01  0.0000E+00

"tbf
              1
  3.90000000  1.00000  9.7331E-03  4.9555E-01  0.0000E+00  1.6126E-01  4.8272E-01  0.0000E+00
