
"tbf
              1
  3.90000000  1.00000  1.1935E-09  9.1096E-01  0.0000E+00  7.9526E-02  9.9087E-01  0.0000E+00

"tbf
              1
  3.90000000  1.00000 -4.0995E-09  9.0933E-01  0.0000E+00  8.4222E-02  9.9087E-01  0.0000E+00

"tbf
              1
  3.90000000  1.00000  3.5372E-09  9.0784E-01  0.0000E+00  8.8700E-02  9.9087E-01  0.0000E+00

"tbf
              1
  3.90000000  1.00000  2.7921E-10  9.0635E-01  0.0000E+00  9.3213E-02  9.9087E-01  0.0000E+00

"tbf
              1
  3.90000000  1.00000 -7.1188E-09  9.0486E-01  0.0000E+00  9.7785E-02  9.9087E-01  0.0000E+00

"tbf
              1
  3.90000000  1.00000  2.9883E-09  9.0336E-01  0.0000E+00  1.0242E-01  9.9087E-01  0.0000E+00

"tbf
              1
  3.90000000  1.00000 -2.8712E-09  9.0184E-01  0.0000E+00  1.0713E-01  9.9087E-01  0.0000E+00

"tbf
              1
  3.90000000  1.00000 -4.2934E-09  9.0031E-01  0.0000E+00  1.1191E-01  9.9087E-01  0.0000E+00

"tbf
              1
  3.90000000  1.00000 -1.8070E-09  8.9877E-01  0.0000E+00  1.1676E-01  9.9087E-01  0.0000E+00

"tbf
              1
  3.90000000  1.00000 -1.3643E-10  8.9720E-01  0.0000E+00  1.2168E-01  9.9087E-01  0.0000E+00

"tbf
              1
  3.90000000  1.00000  7.1259E-09  8.9562E-01  0.0000E+00  1.2666E-01  9.9087E-01  0.0000E+00

"tbf
              1
  3.90000000  1.00000  1.6079E-09  8.9403E-01  0.0000E+00  1.3171E-01  9.9087E-01  0.0000E+00

"tbf
              1
  3.90000000  1.00000  6.3083E-09  8.9242E-01  0.0000E+00  1.3683E-01  9.9087E-01  0.0000E+00

"tbf
              1
  3.90000000  1.00000  1.0886E-09  8.9079E-01  0.0000E+00  1.4200E-01  9.9087E-01  0.0000E+00

"tbf
              1
  3.90000000  1.00000 -5.4006E-09  8.8914E-01  0.0000E+00  1.4724E-01  9.9087E-01  0.0000E+00

"tbf
              1
  3.90000000  1.00000 -3.5592E-09  8.8748E-01  0.0000E+00  1.5253E-01  9.9087E-01  0.0000E+00

"tbf
              1
  3.90000000  1.00000  2.2591E-09  8.8581E-01  0.0000E+00  1.5788E-01  9.9087E-01  0.0000E+00
