
"tbf
              1
  3.90000000  1.00000  1.4775E-09  7.3736E-01  0.0000E+00  7.9520E-02  7.8638E-01  0.0000E+00

"tbf
              1
  3.90000000  1.00000 -3.0833E-09  7.3690E-01  0.0000E+00  8.4216E-02  7.8638E-01  0.0000E+00

"tbf
              1
  3.90000000  1.00000  2.9845E-09  7.3652E-01  0.0000E+00  8.8694E-02  7.8638E-01  0.0000E+00

"tbf
              1
  3.90000000  1.00000 -7.2009E-10  7.3614E-01  0.0000E+00  9.3207E-02  7.8638E-01  0.0000E+00

"tbf
              1
  3.90000000  1.00000 -5.3960E-09  7.3577E-01  0.0000E+00  9.7780E-02  7.8638E-01  0.0000E+00

"tbf
              1
  3.90000000  1.00000  5.8281E-09  7.3541E-01  0.0000E+00  1.0242E-01  7.8638E-01  0.0000E+00

"tbf
              1
  3.90000000  1.00000  7.0292E-09  7.3504E-01  0.0000E+00  1.0713E-01  7.8638E-01  0.0000E+00

"tbf
              1
  3.90000000  1.00000 -4.3123E-10  7.3466E-01  0.0000E+00  1.1191E-01  7.8638E-01  0.0000E+00

"tbf
              1
  3.90000000  1.00000 -1.3448E-09  7.3429E-01  0.0000E+00  1.1676E-01  7.8638E-01  0.0000E+00

"tbf
              1
  3.90000000  1.00000 -4.2256E-10  7.3391E-01  0.0000E+00  1.2167E-01  7.8638E-01  0.0000E+00

"tbf
              1
  3.90000000  1.00000  1.7631E-09  7.3352E-01  0.0000E+00  1.2666E-01  7.8638E-01  0.0000E+00

"tbf
              1
  3.90000000  1.00000  1.5434E-09  7.3314E-01  0.0000E+00  1.3171E-01  7.8638E-01  0.0000E+00

"tbf
              1
  3.90000000  1.00000  3.0441E-09  7.3274E-01  0.0000E+00  1.3682E-01  7.8638E-01  0.0000E+00

"tbf
              1
  3.90000000  1.00000  2.6063E-09  7.3235E-01  0.0000E+00  1.4200E-01  7.8638E-01  0.0000E+00

"tbf
              1
  3.90000000  1.00000  5.1019E-10  7.3194E-01  0.0000E+00  1.4723E-01  7.8638E-01  0.0000E+00

"tbf
              1
  3.90000000  1.00000  7.0600E-10  7.3153E-01  0.0000E+00  1.5253E-01  7.8638E-01  0.0000E+00

"tbf
              1
  3.90000000  1.00000 -4.4602E-11  7.3111E-01  0.0000E+00  1.5788E-01  7.8638E-01  0.0000E+00
