
"tbf
              1
  3.90000000  1.00000  4.1639E-09  1.3743E+00  0.0000E+00  7.9540E-02  1.5367E+00  0.0000E+00

"tbf
              1
  3.90000000  1.00000 -5.7751E-10  1.3695E+00  0.0000E+00  8.4236E-02  1.5367E+00  0.0000E+00

"tbf
              1
  3.90000000  1.00000 -4.0084E-09  1.3651E+00  0.0000E+00  8.8714E-02  1.5367E+00  0.0000E+00

"tbf
              1
  3.90000000  1.00000  1.2624E-09  1.3606E+00  0.0000E+00  9.3227E-02  1.5367E+00  0.0000E+00

"tbf
              1
  3.90000000  1.00000 -3.4465E-09  1.3562E+00  0.0000E+00  9.7799E-02  1.5367E+00  0.0000E+00

"tbf
              1
  3.90000000  1.00000 -2.6427E-09  1.3516E+00  0.0000E+00  1.0244E-01  1.5367E+00  0.0000E+00

"tbf
              1
  3.90000000  1.00000  1.7696E-09  1.3471E+00  0.0000E+00  1.0715E-01  1.5367E+00  0.0000E+00

"tbf
              1
  3.90000000  1.00000 -3.3979E-10  1.3424E+00  0.0000E+00  1.1192E-01  1.5367E+00  0.0000E+00

"tbf
              1
  3.90000000  1.00000  3.5420E-09  1.3378E+00  0.0000E+00  1.1677E-01  1.5367E+00  0.0000E+00

"tbf
              1
  3.90000000  1.00000 -1.2620E-09  1.3330E+00  0.0000E+00  1.2169E-01  1.5367E+00  0.0000E+00

"tbf
              1
  3.90000000  1.00000 -4.2220E-09  1.3283E+00  0.0000E+00  1.2668E-01  1.5367E+00  0.0000E+00

"tbf
              1
  3.90000000  1.00000 -3.6381E-10  1.3235E+00  0.0000E+00  1.3173E-01  1.5367E+00  0.0000E+00

"tbf
              1
  3.90000000  1.00000 -1.5648E-09  1.3186E+00  0.0000E+00  1.3684E-01  1.5367E+00  0.0000E+00

"tbf
              1
  3.90000000  1.00000 -6.0446E-09  1.3137E+00  0.0000E+00  1.4202E-01  1.5367E+00  0.0000E+00

"tbf
              1
  3.90000000  1.00000 -2.0292E-09  1.3087E+00  0.0000E+00  1.4725E-01  1.5367E+00  0.0000E+00

"tbf
              1
  3.90000000  1.00000  4.1322E-10  1.3037E+00  0.0000E+00  1.5254E-01  1.5367E+00  0.0000E+00

"tbf
              1
  3.90000000  1.00000 -1.9016E-10  1.2987E+00  0.0000E+00  1.5789E-01  1.5367E+00  0.0000E+00
