
"tbf
              1
  3.90000000  1.00000  9.7331E-03  1.6715E+00  0.0000E+00  8.4614E-02  1.8928E+00  0.0000E+00

"tbf
              1
  3.90000000  1.00000  9.7331E-03  1.6646E+00  0.0000E+00  8.9191E-02  1.8928E+00  0.0000E+00

"tbf
              1
  3.90000000  1.00000  9.7331E-03  1.6581E+00  0.0000E+00  9.3560E-02  1.8928E+00  0.0000E+00

"tbf
              1
  3.90000000  1.00000  9.7331E-03  1.6516E+00  0.0000E+00  9.7966E-02  1.8928E+00  0.0000E+00

"tbf
              1
  3.90000000  1.00000  9.7331E-03  1.6451E+00  0.0000E+00  1.0243E-01  1.8928E+00  0.0000E+00

"tbf
              1
  3.90000000  1.00000  9.7331E-03  1.6385E+00  0.0000E+00  1.0697E-01  1.8928E+00  0.0000E+00

"tbf
              1
  3.90000000  1.00000  9.7331E-03  1.6318E+00  0.0000E+00  1.1157E-01  1.8928E+00  0.0000E+00

"tbf
              1
  3.90000000  1.00000  9.7331E-03  1.6250E+00  0.0000E+00  1.1624E-01  1.8928E+00  0.0000E+00

"tbf
              1
  3.90000000  1.00000  9.7331E-03  1.6182E+00  0.0000E+00  1.2099E-01  1.8928E+00  0.0000E+00

"tbf
              1
  3.90000000  1.00000  9.7331E-03  1.6113E+00  0.0000E+00  1.2580E-01  1.8928E+00  0.0000E+00

"tbf
              1
  3.90000000  1.00000  9.7331E-03  1.6043E+00  0.0000E+00  1.3068E-01  1.8928E+00  0.0000E+00

"tbf
              1
  3.90000000  1.00000  9.7331E-03  1.5972E+00  0.0000E+00  1.3563E-01  1.8928E+00  0.0000E+00

"tbf
              1
  3.90000000  1.00000  9.7331E-03  1.5901E+00  0.0000E+00  1.4064E-01  1.8928E+00  0.0000E+00

"tbf
              1
  3.90000000  1.00000  9.7331E-03  1.5829E+00  0.0000E+00  1.4571E-01  1.8928E+00  0.0000E+00

"tbf
              1
  3.90000000  1.00000  9.7331E-03  1.5757E+00  0.0000E+00  1.5085E-01  1.8928E+00  0.0000E+00

"tbf
              1
  3.90000000  1.00000  9.7331E-03  1.5684E+00  0.0000E+00  1.5604E-01  1.8928E+00  0.0000E+00

"tbf
              1
  3.90000000  1.00000  9.7331E-03  1.5610E+00  0.0000E+00  1.6129E-01  1.8928E+00  0.0000E+00
