
"tbf
              1
 11.00000000  1.00000  1.2415E-01  2.6570E+01  1.2415E-01  1.5107E+00  2.7065E+01  1.1812E-01

"tbf
              1
 11.00000000  1.00000  1.2415E-01  2.6384E+01  1.2415E-01  2.2248E+00  2.7065E+01  1.1514E-01

"tbf
              1
 11.00000000  1.00000  1.2415E-01  2.6167E+01  1.2415E-01  3.0587E+00  2.7065E+01  1.1158E-01

"tbf
              1
 11.00000000  1.00000  1.2415E-01  2.5923E+01  1.2415E-01  3.9884E+00  2.7065E+01  1.0749E-01

"tbf
              1
 11.00000000  1.00000  1.2415E-01  2.5656E+01  1.2415E-01  4.9896E+00  2.7065E+01  1.0294E-01

"tbf
              1
 11.00000000  1.00000  1.2415E-01  2.5372E+01  1.2415E-01  6.0388E+00  2.7065E+01  9.8009E-02
