
"tbf
              1
  3.90000000  1.00000  7.0747E+00  1.1632E+00  7.0747E+00  5.8050E+00  1.4110E+00  5.6518E+00

"tbf
              1
  3.90000000  1.00000  7.0747E+00  1.1570E+00  7.0747E+00  5.7639E+00  1.4110E+00  5.6033E+00

"tbf
              1
  3.90000000  1.00000  7.0747E+00  1.1511E+00  7.0747E+00  5.7247E+00  1.4110E+00  5.5571E+00

"tbf
              1
  3.90000000  1.00000  7.0747E+00  1.1455E+00  7.0747E+00  5.6868E+00  1.4110E+00  5.5124E+00

"tbf
              1
  3.90000000  1.00000  7.0747E+00  1.1400E+00  7.0747E+00  5.6498E+00  1.4110E+00  5.4689E+00

"tbf
              1
  3.90000000  1.00000  7.0747E+00  1.1346E+00  7.0747E+00  5.6135E+00  1.4110E+00  5.4261E+00
