
"tbf
              1
  3.90000000  1.00000  7.0747E+00  7.8144E-01  7.0747E+00  5.8050E+00  9.0425E-01  5.6518E+00

"tbf
              1
  3.90000000  1.00000  7.0747E+00  7.7929E-01  7.0747E+00  5.7639E+00  9.0425E-01  5.6033E+00

"tbf
              1
  3.90000000  1.00000  7.0747E+00  7.7727E-01  7.0747E+00  5.7247E+00  9.0425E-01  5.5571E+00

"tbf
              1
  3.90000000  1.00000  7.0747E+00  7.7534E-01  7.0747E+00  5.6868E+00  9.0425E-01  5.5124E+00

"tbf
              1
  3.90000000  1.00000  7.0747E+00  7.7348E-01  7.0747E+00  5.6498E+00  9.0425E-01  5.4689E+00

"tbf
              1
  3.90000000  1.00000  7.0747E+00  7.7168E-01  7.0747E+00  5.6135E+00  9.0425E-01  5.4261E+00
