
"tbf
              1
 11.00000000  1.00000  4.3108E-13  2.2206E+01  0.0000E+00  3.4944E-01  2.2395E+01  0.0000E+00

"tbf
              1
 11.00000000  1.00000 -1.5644E-12  2.2278E+01  0.0000E+00  4.0538E-01  2.2406E+01  0.0000E+00

"tbf
              1
 11.00000000  1.00000  4.8184E-13  2.2335E+01  0.0000E+00  8.1819E-01  2.2489E+01  0.0000E+00

"tbf
              1
 11.00000000  1.00000 -1.1604E-12  2.2412E+01  0.0000E+00  1.3926E+00  2.2604E+01  0.0000E+00

"tbf
              1
 11.00000000  1.00000 -2.4844E-12  2.2500E+01  0.0000E+00  2.1097E+00  2.2747E+01  0.0000E+00

"tbf
              1
 11.00000000  1.00000 -3.3780E-14  2.2590E+01  0.0000E+00  2.9472E+00  2.2915E+01  0.0000E+00

"tbf
              1
 11.00000000  1.00000  3.2695E-12  2.2673E+01  0.0000E+00  3.8809E+00  2.3101E+01  0.0000E+00

"tbf
              1
 11.00000000  1.00000  1.7253E-12  2.2740E+01  0.0000E+00  4.8866E+00  2.3303E+01  0.0000E+00

"tbf
              1
 11.00000000  1.00000  1.9528E-12  2.2785E+01  0.0000E+00  5.9408E+00  2.3513E+01  0.0000E+00

"tbf
              1
 11.00000000  1.00000 -7.5115E-13  2.2805E+01  0.0000E+00  7.0223E+00  2.3730E+01  0.0000E+00

"tbf
              1
 11.00000000  1.00000  2.4620E-13  2.2796E+01  0.0000E+00  8.1124E+00  2.3948E+01  0.0000E+00

"tbf
              1
 11.00000000  1.00000  3.4686E-12  2.2759E+01  0.0000E+00  9.1956E+00  2.4164E+01  0.0000E+00

"tbf
              1
 11.00000000  1.00000 -8.2885E-13  2.2694E+01  0.0000E+00  1.0260E+01  2.4377E+01  0.0000E+00

"tbf
              1
 11.00000000  1.00000 -4.9562E-14  2.2603E+01  0.0000E+00  1.1295E+01  2.4584E+01  0.0000E+00

"tbf
              1
 11.00000000  1.00000  9.3766E-13  2.2489E+01  0.0000E+00  1.2294E+01  2.4784E+01  0.0000E+00

"tbf
              1
 11.00000000  1.00000 -2.4311E-12  2.2354E+01  0.0000E+00  1.3253E+01  2.4976E+01  0.0000E+00

"tbf
              1
 11.00000000  1.00000 -9.4065E-13  2.2201E+01  0.0000E+00  1.4168E+01  2.5159E+01  0.0000E+00
