
"tbf
              1
 11.00000000  1.00000  9.8256E-14  1.9034E+01  0.0000E+00  3.4944E-01  1.9146E+01  0.0000E+00

"tbf
              1
 11.00000000  1.00000  1.5306E-12  1.9105E+01  0.0000E+00  4.0538E-01  1.9157E+01  0.0000E+00

"tbf
              1
 11.00000000  1.00000 -8.3470E-14  1.9224E+01  0.0000E+00  8.1819E-01  1.9239E+01  0.0000E+00

"tbf
              1
 11.00000000  1.00000 -2.2998E-12  1.9386E+01  0.0000E+00  1.3926E+00  1.9354E+01  0.0000E+00

"tbf
              1
 11.00000000  1.00000  2.8309E-13  1.9581E+01  0.0000E+00  2.1097E+00  1.9498E+01  0.0000E+00

"tbf
              1
 11.00000000  1.00000  3.2402E-13  1.9794E+01  0.0000E+00  2.9472E+00  1.9665E+01  0.0000E+00

"tbf
              1
 11.00000000  1.00000  1.8891E-12  2.0013E+01  0.0000E+00  3.8809E+00  1.9852E+01  0.0000E+00

"tbf
              1
 11.00000000  1.00000  1.6329E-12  2.0226E+01  0.0000E+00  4.8866E+00  2.0053E+01  0.0000E+00

"tbf
              1
 11.00000000  1.00000 -1.1752E-12  2.0424E+01  0.0000E+00  5.9408E+00  2.0264E+01  0.0000E+00

"tbf
              1
 11.00000000  1.00000  1.1462E-12  2.0599E+01  0.0000E+00  7.0223E+00  2.0480E+01  0.0000E+00

"tbf
              1
 11.00000000  1.00000  1.8539E-12  2.0746E+01  0.0000E+00  8.1124E+00  2.0698E+01  0.0000E+00

"tbf
              1
 11.00000000  1.00000 -1.3436E-12  2.0862E+01  0.0000E+00  9.1956E+00  2.0915E+01  0.0000E+00

"tbf
              1
 11.00000000  1.00000 -2.0190E-13  2.0947E+01  0.0000E+00  1.0260E+01  2.1128E+01  0.0000E+00

"tbf
              1
 11.00000000  1.00000 -2.6356E-13  2.1000E+01  0.0000E+00  1.1295E+01  2.1335E+01  0.0000E+00

"tbf
              1
 11.00000000  1.00000 -9.7337E-13  2.1024E+01  0.0000E+00  1.2294E+01  2.1535E+01  0.0000E+00

"tbf
              1
 11.00000000  1.00000 -1.1388E-12  2.1021E+01  0.0000E+00  1.3253E+01  2.1726E+01  0.0000E+00

"tbf
              1
 11.00000000  1.00000 -1.4752E-12  2.0993E+01  0.0000E+00  1.4168E+01  2.1909E+01  0.0000E+00
