
"tbf
              1
 11.00000000  1.00000  3.6997E-13  1.6147E+01  0.0000E+00  3.4944E-01  1.6188E+01  0.0000E+00

"tbf
              1
 11.00000000  1.00000 -6.9518E-13  1.6217E+01  0.0000E+00  4.0538E-01  1.6199E+01  0.0000E+00

"tbf
              1
 11.00000000  1.00000 -1.2713E-12  1.6392E+01  0.0000E+00  8.1818E-01  1.6282E+01  0.0000E+00

"tbf
              1
 11.00000000  1.00000 -7.1764E-13  1.6633E+01  0.0000E+00  1.3926E+00  1.6397E+01  0.0000E+00

"tbf
              1
 11.00000000  1.00000 -7.6056E-13  1.6924E+01  0.0000E+00  2.1097E+00  1.6540E+01  0.0000E+00

"tbf
              1
 11.00000000  1.00000  2.1451E-12  1.7249E+01  0.0000E+00  2.9472E+00  1.6708E+01  0.0000E+00

"tbf
              1
 11.00000000  1.00000  4.7002E-13  1.7593E+01  0.0000E+00  3.8809E+00  1.6894E+01  0.0000E+00

"tbf
              1
 11.00000000  1.00000  1.5749E-12  1.7939E+01  0.0000E+00  4.8866E+00  1.7096E+01  0.0000E+00

"tbf
              1
 11.00000000  1.00000 -3.0777E-13  1.8276E+01  0.0000E+00  5.9408E+00  1.7306E+01  0.0000E+00

"tbf
              1
 11.00000000  1.00000  9.1778E-13  1.8592E+01  0.0000E+00  7.0223E+00  1.7523E+01  0.0000E+00

"tbf
              1
 11.00000000  1.00000  2.2723E-13  1.8880E+01  0.0000E+00  8.1124E+00  1.7741E+01  0.0000E+00

"tbf
              1
 11.00000000  1.00000  1.3512E-12  1.9136E+01  0.0000E+00  9.1956E+00  1.7957E+01  0.0000E+00

"tbf
              1
 11.00000000  1.00000 -3.6174E-13  1.9356E+01  0.0000E+00  1.0260E+01  1.8170E+01  0.0000E+00

"tbf
              1
 11.00000000  1.00000  1.2718E-12  1.9541E+01  0.0000E+00  1.1295E+01  1.8377E+01  0.0000E+00

"tbf
              1
 11.00000000  1.00000  2.5196E-12  1.9691E+01  0.0000E+00  1.2294E+01  1.8577E+01  0.0000E+00

"tbf
              1
 11.00000000  1.00000 -1.7482E-12  1.9808E+01  0.0000E+00  1.3253E+01  1.8769E+01  0.0000E+00

"tbf
              1
 11.00000000  1.00000  4.8407E-13  1.9894E+01  0.0000E+00  1.4168E+01  1.8952E+01  0.0000E+00
