
"tbf
              1
 11.00000000  1.00000  2.5313E-13  2.3899E+01  0.0000E+00  3.4944E-01  2.4130E+01  0.0000E+00

"tbf
              1
 11.00000000  1.00000 -2.3080E-13  2.3972E+01  0.0000E+00  4.0539E-01  2.4141E+01  0.0000E+00

"tbf
              1
 11.00000000  1.00000 -3.0236E-12  2.3996E+01  0.0000E+00  8.1819E-01  2.4223E+01  0.0000E+00

"tbf
              1
 11.00000000  1.00000 -9.2305E-13  2.4027E+01  0.0000E+00  1.3926E+00  2.4338E+01  0.0000E+00

"tbf
              1
 11.00000000  1.00000  4.6173E-14  2.4059E+01  0.0000E+00  2.1097E+00  2.4482E+01  0.0000E+00

"tbf
              1
 11.00000000  1.00000  5.1707E-13  2.4083E+01  0.0000E+00  2.9472E+00  2.4649E+01  0.0000E+00

"tbf
              1
 11.00000000  1.00000 -1.0274E-12  2.4092E+01  0.0000E+00  3.8809E+00  2.4836E+01  0.0000E+00

"tbf
              1
 11.00000000  1.00000  8.5946E-13  2.4081E+01  0.0000E+00  4.8866E+00  2.5037E+01  0.0000E+00

"tbf
              1
 11.00000000  1.00000  3.1986E-12  2.4045E+01  0.0000E+00  5.9408E+00  2.5248E+01  0.0000E+00

"tbf
              1
 11.00000000  1.00000 -2.2020E-14  2.3982E+01  0.0000E+00  7.0223E+00  2.5464E+01  0.0000E+00

"tbf
              1
 11.00000000  1.00000 -3.5297E-12  2.3890E+01  0.0000E+00  8.1124E+00  2.5682E+01  0.0000E+00

"tbf
              1
 11.00000000  1.00000  3.7357E-13  2.3771E+01  0.0000E+00  9.1956E+00  2.5899E+01  0.0000E+00

"tbf
              1
 11.00000000  1.00000 -2.7516E-12  2.3626E+01  0.0000E+00  1.0260E+01  2.6112E+01  0.0000E+00

"tbf
              1
 11.00000000  1.00000  2.9745E-12  2.3458E+01  0.0000E+00  1.1295E+01  2.6319E+01  0.0000E+00

"tbf
              1
 11.00000000  1.00000  2.0335E-12  2.3270E+01  0.0000E+00  1.2294E+01  2.6519E+01  0.0000E+00

"tbf
              1
 11.00000000  1.00000 -1.2292E-12  2.3065E+01  0.0000E+00  1.3253E+01  2.6710E+01  0.0000E+00

"tbf
              1
 11.00000000  1.00000 -1.5092E-12  2.2846E+01  0.0000E+00  1.4168E+01  2.6893E+01  0.0000E+00
