
"tbf
              1
 11.00000000  1.00000  2.0952E-13  1.7555E+01  0.0000E+00  3.4944E-01  1.7630E+01  0.0000E+00

"tbf
              1
 11.00000000  1.00000  6.1445E-13  1.7626E+01  0.0000E+00  4.0538E-01  1.7642E+01  0.0000E+00

"tbf
              1
 11.00000000  1.00000 -2.8483E-14  1.7773E+01  0.0000E+00  8.1819E-01  1.7724E+01  0.0000E+00

"tbf
              1
 11.00000000  1.00000 -9.6513E-13  1.7976E+01  0.0000E+00  1.3926E+00  1.7839E+01  0.0000E+00

"tbf
              1
 11.00000000  1.00000 -5.0598E-13  1.8220E+01  0.0000E+00  2.1097E+00  1.7983E+01  0.0000E+00

"tbf
              1
 11.00000000  1.00000  5.1919E-13  1.8490E+01  0.0000E+00  2.9472E+00  1.8150E+01  0.0000E+00

"tbf
              1
 11.00000000  1.00000  1.1608E-12  1.8773E+01  0.0000E+00  3.8809E+00  1.8337E+01  0.0000E+00

"tbf
              1
 11.00000000  1.00000 -2.9528E-12  1.9055E+01  0.0000E+00  4.8866E+00  1.8538E+01  0.0000E+00

"tbf
              1
 11.00000000  1.00000  3.9324E-12  1.9323E+01  0.0000E+00  5.9408E+00  1.8749E+01  0.0000E+00

"tbf
              1
 11.00000000  1.00000  1.8867E-12  1.9571E+01  0.0000E+00  7.0223E+00  1.8965E+01  0.0000E+00

"tbf
              1
 11.00000000  1.00000 -9.3254E-13  1.9790E+01  0.0000E+00  8.1124E+00  1.9183E+01  0.0000E+00

"tbf
              1
 11.00000000  1.00000 -1.2773E-12  1.9978E+01  0.0000E+00  9.1956E+00  1.9400E+01  0.0000E+00

"tbf
              1
 11.00000000  1.00000 -3.4323E-13  2.0132E+01  0.0000E+00  1.0260E+01  1.9612E+01  0.0000E+00

"tbf
              1
 11.00000000  1.00000  1.4452E-13  2.0253E+01  0.0000E+00  1.1295E+01  1.9820E+01  0.0000E+00

"tbf
              1
 11.00000000  1.00000  7.1776E-13  2.0341E+01  0.0000E+00  1.2294E+01  2.0019E+01  0.0000E+00

"tbf
              1
 11.00000000  1.00000 -1.7876E-12  2.0400E+01  0.0000E+00  1.3253E+01  2.0211E+01  0.0000E+00

"tbf
              1
 11.00000000  1.00000 -6.6251E-14  2.0430E+01  0.0000E+00  1.4168E+01  2.0394E+01  0.0000E+00
