
"tbf
              1
 11.00000000  1.00000  2.4150E-13  1.4810E+01  0.0000E+00  3.4943E-01  1.4818E+01  0.0000E+00

"tbf
              1
 11.00000000  1.00000 -5.2284E-14  1.4880E+01  0.0000E+00  4.0538E-01  1.4830E+01  0.0000E+00

"tbf
              1
 11.00000000  1.00000 -2.3748E-12  1.5081E+01  0.0000E+00  8.1818E-01  1.4912E+01  0.0000E+00

"tbf
              1
 11.00000000  1.00000  4.2737E-13  1.5357E+01  0.0000E+00  1.3926E+00  1.5027E+01  0.0000E+00

"tbf
              1
 11.00000000  1.00000  1.8207E-13  1.5693E+01  0.0000E+00  2.1097E+00  1.5170E+01  0.0000E+00

"tbf
              1
 11.00000000  1.00000  8.0349E-13  1.6070E+01  0.0000E+00  2.9472E+00  1.5338E+01  0.0000E+00

"tbf
              1
 11.00000000  1.00000  8.4803E-13  1.6472E+01  0.0000E+00  3.8809E+00  1.5525E+01  0.0000E+00

"tbf
              1
 11.00000000  1.00000  1.9995E-12  1.6880E+01  0.0000E+00  4.8866E+00  1.5726E+01  0.0000E+00

"tbf
              1
 11.00000000  1.00000 -1.2493E-12  1.7280E+01  0.0000E+00  5.9408E+00  1.5937E+01  0.0000E+00

"tbf
              1
 11.00000000  1.00000  1.7880E-12  1.7662E+01  0.0000E+00  7.0223E+00  1.6153E+01  0.0000E+00

"tbf
              1
 11.00000000  1.00000 -2.4303E-13  1.8016E+01  0.0000E+00  8.1124E+00  1.6371E+01  0.0000E+00

"tbf
              1
 11.00000000  1.00000  1.7806E-13  1.8336E+01  0.0000E+00  9.1956E+00  1.6588E+01  0.0000E+00

"tbf
              1
 11.00000000  1.00000 -2.2434E-12  1.8620E+01  0.0000E+00  1.0260E+01  1.6800E+01  0.0000E+00

"tbf
              1
 11.00000000  1.00000 -1.1506E-12  1.8866E+01  0.0000E+00  1.1295E+01  1.7007E+01  0.0000E+00

"tbf
              1
 11.00000000  1.00000  5.5785E-13  1.9074E+01  0.0000E+00  1.2294E+01  1.7207E+01  0.0000E+00

"tbf
              1
 11.00000000  1.00000 -2.7893E-12  1.9246E+01  0.0000E+00  1.3253E+01  1.7399E+01  0.0000E+00

"tbf
              1
 11.00000000  1.00000  9.5616E-13  1.9385E+01  0.0000E+00  1.4168E+01  1.7582E+01  0.0000E+00
