
"tbf
              1
 11.00000000  1.00000  9.0630E-14  2.0584E+01  0.0000E+00  3.4944E-01  2.0734E+01  0.0000E+00

"tbf
              1
 11.00000000  1.00000  2.7163E-12  2.0656E+01  0.0000E+00  4.0538E-01  2.0745E+01  0.0000E+00

"tbf
              1
 11.00000000  1.00000 -4.1255E-12  2.0745E+01  0.0000E+00  8.1819E-01  2.0828E+01  0.0000E+00

"tbf
              1
 11.00000000  1.00000  8.8670E-13  2.0865E+01  0.0000E+00  1.3926E+00  2.0942E+01  0.0000E+00

"tbf
              1
 11.00000000  1.00000 -2.1093E-12  2.1008E+01  0.0000E+00  2.1097E+00  2.1086E+01  0.0000E+00

"tbf
              1
 11.00000000  1.00000  3.3997E-12  2.1161E+01  0.0000E+00  2.9472E+00  2.1253E+01  0.0000E+00

"tbf
              1
 11.00000000  1.00000  1.6420E-12  2.1313E+01  0.0000E+00  3.8809E+00  2.1440E+01  0.0000E+00

"tbf
              1
 11.00000000  1.00000  1.0755E-12  2.1455E+01  0.0000E+00  4.8866E+00  2.1641E+01  0.0000E+00

"tbf
              1
 11.00000000  1.00000  1.4514E-12  2.1578E+01  0.0000E+00  5.9408E+00  2.1852E+01  0.0000E+00

"tbf
              1
 11.00000000  1.00000  1.3281E-12  2.1677E+01  0.0000E+00  7.0223E+00  2.2068E+01  0.0000E+00

"tbf
              1
 11.00000000  1.00000 -5.5099E-13  2.1748E+01  0.0000E+00  8.1124E+00  2.2286E+01  0.0000E+00

"tbf
              1
 11.00000000  1.00000  3.6426E-12  2.1789E+01  0.0000E+00  9.1956E+00  2.2503E+01  0.0000E+00

"tbf
              1
 11.00000000  1.00000 -1.1164E-12  2.1801E+01  0.0000E+00  1.0260E+01  2.2716E+01  0.0000E+00

"tbf
              1
 11.00000000  1.00000 -2.0953E-13  2.1783E+01  0.0000E+00  1.1295E+01  2.2923E+01  0.0000E+00

"tbf
              1
 11.00000000  1.00000  7.8653E-13  2.1740E+01  0.0000E+00  1.2294E+01  2.3123E+01  0.0000E+00

"tbf
              1
 11.00000000  1.00000 -2.3368E-13  2.1672E+01  0.0000E+00  1.3253E+01  2.3315E+01  0.0000E+00

"tbf
              1
 11.00000000  1.00000  1.2451E-12  2.1584E+01  0.0000E+00  1.4168E+01  2.3498E+01  0.0000E+00
