
"tbf
              1
  3.90000000  1.00000  8.2462E-10  1.1212E+00  0.0000E+00  7.6452E-02  1.2446E+00  0.0000E+00

"tbf
              1
  3.90000000  1.00000  1.0903E-09  1.1187E+00  0.0000E+00  8.1066E-02  1.2456E+00  0.0000E+00

"tbf
              1
  3.90000000  1.00000 -1.0205E-10  1.1164E+00  0.0000E+00  8.5471E-02  1.2464E+00  0.0000E+00

"tbf
              1
  3.90000000  1.00000 -1.6176E-09  1.1142E+00  0.0000E+00  8.9914E-02  1.2473E+00  0.0000E+00

"tbf
              1
  3.90000000  1.00000 -7.4906E-10  1.1119E+00  0.0000E+00  9.4416E-02  1.2482E+00  0.0000E+00

"tbf
              1
  3.90000000  1.00000 -1.3412E-09  1.1096E+00  0.0000E+00  9.8987E-02  1.2492E+00  0.0000E+00

"tbf
              1
  3.90000000  1.00000  7.8952E-10  1.1073E+00  0.0000E+00  1.0363E-01  1.2501E+00  0.0000E+00

"tbf
              1
  3.90000000  1.00000 -1.4051E-10  1.1049E+00  0.0000E+00  1.0834E-01  1.2510E+00  0.0000E+00

"tbf
              1
  3.90000000  1.00000 -1.9807E-09  1.1025E+00  0.0000E+00  1.1313E-01  1.2520E+00  0.0000E+00

"tbf
              1
  3.90000000  1.00000 -3.3063E-11  1.1000E+00  0.0000E+00  1.1798E-01  1.2529E+00  0.0000E+00

"tbf
              1
  3.90000000  1.00000  3.4366E-10  1.0976E+00  0.0000E+00  1.2291E-01  1.2539E+00  0.0000E+00

"tbf
              1
  3.90000000  1.00000  3.6127E-10  1.0950E+00  0.0000E+00  1.2790E-01  1.2549E+00  0.0000E+00

"tbf
              1
  3.90000000  1.00000  9.0851E-10  1.0925E+00  0.0000E+00  1.3295E-01  1.2559E+00  0.0000E+00

"tbf
              1
  3.90000000  1.00000  1.1197E-09  1.0899E+00  0.0000E+00  1.3807E-01  1.2570E+00  0.0000E+00

"tbf
              1
  3.90000000  1.00000  9.8492E-10  1.0873E+00  0.0000E+00  1.4325E-01  1.2580E+00  0.0000E+00

"tbf
              1
  3.90000000  1.00000  9.6562E-10  1.0846E+00  0.0000E+00  1.4849E-01  1.2591E+00  0.0000E+00

"tbf
              1
  3.90000000  1.00000 -1.4569E-09  1.0820E+00  0.0000E+00  1.5379E-01  1.2601E+00  0.0000E+00
