
"tbf
              1
  3.90000000  1.00000  1.2587E-09  4.0604E-01  0.0000E+00  7.6429E-02  4.0146E-01  0.0000E+00

"tbf
              1
  3.90000000  1.00000 -1.2006E-09  4.0842E-01  0.0000E+00  8.1043E-02  4.0239E-01  0.0000E+00

"tbf
              1
  3.90000000  1.00000  7.4804E-10  4.1073E-01  0.0000E+00  8.5449E-02  4.0327E-01  0.0000E+00

"tbf
              1
  3.90000000  1.00000 -2.7653E-09  4.1306E-01  0.0000E+00  8.9891E-02  4.0416E-01  0.0000E+00

"tbf
              1
  3.90000000  1.00000 -9.1404E-10  4.1541E-01  0.0000E+00  9.4395E-02  4.0506E-01  0.0000E+00

"tbf
              1
  3.90000000  1.00000 -1.1015E-09  4.1777E-01  0.0000E+00  9.8966E-02  4.0597E-01  0.0000E+00

"tbf
              1
  3.90000000  1.00000  1.0085E-09  4.2017E-01  0.0000E+00  1.0361E-01  4.0690E-01  0.0000E+00

"tbf
              1
  3.90000000  1.00000  6.7144E-10  4.2258E-01  0.0000E+00  1.0832E-01  4.0784E-01  0.0000E+00

"tbf
              1
  3.90000000  1.00000 -7.8835E-10  4.2501E-01  0.0000E+00  1.1311E-01  4.0880E-01  0.0000E+00

"tbf
              1
  3.90000000  1.00000  2.9210E-09  4.2746E-01  0.0000E+00  1.1796E-01  4.0977E-01  0.0000E+00

"tbf
              1
  3.90000000  1.00000  1.3577E-11  4.2993E-01  0.0000E+00  1.2289E-01  4.1076E-01  0.0000E+00

"tbf
              1
  3.90000000  1.00000  1.8802E-09  4.3241E-01  0.0000E+00  1.2788E-01  4.1175E-01  0.0000E+00

"tbf
              1
  3.90000000  1.00000  9.5285E-10  4.3491E-01  0.0000E+00  1.3293E-01  4.1277E-01  0.0000E+00

"tbf
              1
  3.90000000  1.00000  2.7214E-09  4.3741E-01  0.0000E+00  1.3805E-01  4.1379E-01  0.0000E+00

"tbf
              1
  3.90000000  1.00000 -4.0671E-10  4.3992E-01  0.0000E+00  1.4323E-01  4.1483E-01  0.0000E+00

"tbf
              1
  3.90000000  1.00000  7.9812E-10  4.4243E-01  0.0000E+00  1.4847E-01  4.1587E-01  0.0000E+00

"tbf
              1
  3.90000000  1.00000  2.1514E-10  4.4495E-01  0.0000E+00  1.5377E-01  4.1693E-01  0.0000E+00
