
"tbf
              1
  3.90000000  1.00000  9.6354E-10  9.1894E-01  0.0000E+00  7.6445E-02  1.0062E+00  0.0000E+00

"tbf
              1
  3.90000000  1.00000  6.1184E-10  9.1785E-01  0.0000E+00  8.1060E-02  1.0071E+00  0.0000E+00

"tbf
              1
  3.90000000  1.00000  1.1269E-09  9.1688E-01  0.0000E+00  8.5465E-02  1.0080E+00  0.0000E+00

"tbf
              1
  3.90000000  1.00000 -1.1523E-09  9.1592E-01  0.0000E+00  8.9907E-02  1.0089E+00  0.0000E+00

"tbf
              1
  3.90000000  1.00000  3.8598E-10  9.1494E-01  0.0000E+00  9.4410E-02  1.0098E+00  0.0000E+00

"tbf
              1
  3.90000000  1.00000 -1.7937E-10  9.1396E-01  0.0000E+00  9.8981E-02  1.0107E+00  0.0000E+00

"tbf
              1
  3.90000000  1.00000  3.0095E-10  9.1295E-01  0.0000E+00  1.0362E-01  1.0116E+00  0.0000E+00

"tbf
              1
  3.90000000  1.00000  6.0889E-10  9.1193E-01  0.0000E+00  1.0834E-01  1.0126E+00  0.0000E+00

"tbf
              1
  3.90000000  1.00000 -3.0313E-10  9.1090E-01  0.0000E+00  1.1312E-01  1.0135E+00  0.0000E+00

"tbf
              1
  3.90000000  1.00000  8.8502E-10  9.0984E-01  0.0000E+00  1.1798E-01  1.0145E+00  0.0000E+00

"tbf
              1
  3.90000000  1.00000 -2.1742E-10  9.0876E-01  0.0000E+00  1.2290E-01  1.0155E+00  0.0000E+00

"tbf
              1
  3.90000000  1.00000  1.9178E-09  9.0766E-01  0.0000E+00  1.2789E-01  1.0165E+00  0.0000E+00

"tbf
              1
  3.90000000  1.00000  1.9799E-09  9.0654E-01  0.0000E+00  1.3295E-01  1.0175E+00  0.0000E+00

"tbf
              1
  3.90000000  1.00000  8.7080E-10  9.0539E-01  0.0000E+00  1.3807E-01  1.0185E+00  0.0000E+00

"tbf
              1
  3.90000000  1.00000  8.5268E-11  9.0423E-01  0.0000E+00  1.4325E-01  1.0196E+00  0.0000E+00

"tbf
              1
  3.90000000  1.00000  3.4981E-10  9.0304E-01  0.0000E+00  1.4848E-01  1.0206E+00  0.0000E+00

"tbf
              1
  3.90000000  1.00000 -1.2147E-09  9.0182E-01  0.0000E+00  1.5378E-01  1.0217E+00  0.0000E+00
