
"tbf
              1
  3.90000000  1.00000  4.0035E-10  4.9841E-01  0.0000E+00  7.6432E-02  5.1037E-01  0.0000E+00

"tbf
              1
  3.90000000  1.00000 -8.9931E-10  5.0017E-01  0.0000E+00  8.1046E-02  5.1130E-01  0.0000E+00

"tbf
              1
  3.90000000  1.00000 -2.3984E-10  5.0189E-01  0.0000E+00  8.5452E-02  5.1218E-01  0.0000E+00

"tbf
              1
  3.90000000  1.00000 -2.7054E-09  5.0362E-01  0.0000E+00  8.9894E-02  5.1307E-01  0.0000E+00

"tbf
              1
  3.90000000  1.00000  7.6081E-10  5.0537E-01  0.0000E+00  9.4397E-02  5.1397E-01  0.0000E+00

"tbf
              1
  3.90000000  1.00000 -2.1205E-09  5.0713E-01  0.0000E+00  9.8969E-02  5.1488E-01  0.0000E+00

"tbf
              1
  3.90000000  1.00000  1.5472E-09  5.0891E-01  0.0000E+00  1.0361E-01  5.1581E-01  0.0000E+00

"tbf
              1
  3.90000000  1.00000  3.4831E-10  5.1071E-01  0.0000E+00  1.0833E-01  5.1675E-01  0.0000E+00

"tbf
              1
  3.90000000  1.00000 -1.9032E-09  5.1252E-01  0.0000E+00  1.1311E-01  5.1771E-01  0.0000E+00

"tbf
              1
  3.90000000  1.00000  6.0427E-10  5.1434E-01  0.0000E+00  1.1797E-01  5.1868E-01  0.0000E+00

"tbf
              1
  3.90000000  1.00000  2.7339E-10  5.1616E-01  0.0000E+00  1.2289E-01  5.1966E-01  0.0000E+00

"tbf
              1
  3.90000000  1.00000  1.4868E-09  5.1800E-01  0.0000E+00  1.2788E-01  5.2066E-01  0.0000E+00

"tbf
              1
  3.90000000  1.00000  8.8658E-10  5.1984E-01  0.0000E+00  1.3294E-01  5.2167E-01  0.0000E+00

"tbf
              1
  3.90000000  1.00000  3.2352E-09  5.2169E-01  0.0000E+00  1.3806E-01  5.2270E-01  0.0000E+00

"tbf
              1
  3.90000000  1.00000 -1.0761E-09  5.2354E-01  0.0000E+00  1.4324E-01  5.2373E-01  0.0000E+00

"tbf
              1
  3.90000000  1.00000  1.4699E-09  5.2539E-01  0.0000E+00  1.4847E-01  5.2478E-01  0.0000E+00

"tbf
              1
  3.90000000  1.00000 -1.1813E-09  5.2723E-01  0.0000E+00  1.5377E-01  5.2584E-01  0.0000E+00
