
"tbf
              1
  3.90000000  1.00000  1.4940E-09  1.3628E+00  0.0000E+00  7.6460E-02  1.5295E+00  0.0000E+00

"tbf
              1
  3.90000000  1.00000 -1.0113E-09  1.3587E+00  0.0000E+00  8.1074E-02  1.5305E+00  0.0000E+00

"tbf
              1
  3.90000000  1.00000 -8.7243E-10  1.3549E+00  0.0000E+00  8.5479E-02  1.5313E+00  0.0000E+00

"tbf
              1
  3.90000000  1.00000 -2.3406E-09  1.3511E+00  0.0000E+00  8.9921E-02  1.5322E+00  0.0000E+00

"tbf
              1
  3.90000000  1.00000 -2.3367E-10  1.3472E+00  0.0000E+00  9.4424E-02  1.5331E+00  0.0000E+00

"tbf
              1
  3.90000000  1.00000 -6.4772E-10  1.3433E+00  0.0000E+00  9.8995E-02  1.5340E+00  0.0000E+00

"tbf
              1
  3.90000000  1.00000  1.1766E-09  1.3394E+00  0.0000E+00  1.0364E-01  1.5350E+00  0.0000E+00

"tbf
              1
  3.90000000  1.00000 -2.0016E-11  1.3354E+00  0.0000E+00  1.0835E-01  1.5359E+00  0.0000E+00

"tbf
              1
  3.90000000  1.00000 -4.5744E-10  1.3314E+00  0.0000E+00  1.1313E-01  1.5369E+00  0.0000E+00

"tbf
              1
  3.90000000  1.00000  4.2517E-10  1.3273E+00  0.0000E+00  1.1799E-01  1.5378E+00  0.0000E+00

"tbf
              1
  3.90000000  1.00000  4.4149E-10  1.3231E+00  0.0000E+00  1.2291E-01  1.5388E+00  0.0000E+00

"tbf
              1
  3.90000000  1.00000  1.2920E-09  1.3189E+00  0.0000E+00  1.2790E-01  1.5398E+00  0.0000E+00

"tbf
              1
  3.90000000  1.00000 -2.1201E-10  1.3147E+00  0.0000E+00  1.3296E-01  1.5408E+00  0.0000E+00

"tbf
              1
  3.90000000  1.00000  1.4595E-09  1.3104E+00  0.0000E+00  1.3808E-01  1.5419E+00  0.0000E+00

"tbf
              1
  3.90000000  1.00000 -7.3364E-11  1.3060E+00  0.0000E+00  1.4326E-01  1.5429E+00  0.0000E+00

"tbf
              1
  3.90000000  1.00000  1.3559E-10  1.3016E+00  0.0000E+00  1.4850E-01  1.5439E+00  0.0000E+00

"tbf
              1
  3.90000000  1.00000 -3.5356E-10  1.2972E+00  0.0000E+00  1.5379E-01  1.5450E+00  0.0000E+00
