
"tbf
              1
  3.90000000  1.00000  1.6140E-09  7.5082E-01  0.0000E+00  7.6440E-02  8.0799E-01  0.0000E+00

"tbf
              1
  3.90000000  1.00000 -1.7375E-09  7.5088E-01  0.0000E+00  8.1054E-02  8.0891E-01  0.0000E+00

"tbf
              1
  3.90000000  1.00000  6.6137E-10  7.5098E-01  0.0000E+00  8.5460E-02  8.0979E-01  0.0000E+00

"tbf
              1
  3.90000000  1.00000 -1.2726E-09  7.5109E-01  0.0000E+00  8.9902E-02  8.1068E-01  0.0000E+00

"tbf
              1
  3.90000000  1.00000  1.2058E-09  7.5121E-01  0.0000E+00  9.4405E-02  8.1158E-01  0.0000E+00

"tbf
              1
  3.90000000  1.00000 -6.6855E-10  7.5132E-01  0.0000E+00  9.8976E-02  8.1249E-01  0.0000E+00

"tbf
              1
  3.90000000  1.00000  4.7638E-10  7.5143E-01  0.0000E+00  1.0362E-01  8.1342E-01  0.0000E+00

"tbf
              1
  3.90000000  1.00000 -5.9150E-10  7.5154E-01  0.0000E+00  1.0833E-01  8.1437E-01  0.0000E+00

"tbf
              1
  3.90000000  1.00000 -1.1506E-10  7.5164E-01  0.0000E+00  1.1312E-01  8.1532E-01  0.0000E+00

"tbf
              1
  3.90000000  1.00000 -9.2369E-11  7.5173E-01  0.0000E+00  1.1797E-01  8.1629E-01  0.0000E+00

"tbf
              1
  3.90000000  1.00000 -6.2656E-10  7.5181E-01  0.0000E+00  1.2290E-01  8.1728E-01  0.0000E+00

"tbf
              1
  3.90000000  1.00000  1.3453E-09  7.5189E-01  0.0000E+00  1.2789E-01  8.1828E-01  0.0000E+00

"tbf
              1
  3.90000000  1.00000  1.1710E-09  7.5195E-01  0.0000E+00  1.3294E-01  8.1929E-01  0.0000E+00

"tbf
              1
  3.90000000  1.00000  1.4895E-09  7.5200E-01  0.0000E+00  1.3806E-01  8.2031E-01  0.0000E+00

"tbf
              1
  3.90000000  1.00000 -1.4935E-10  7.5204E-01  0.0000E+00  1.4324E-01  8.2135E-01  0.0000E+00

"tbf
              1
  3.90000000  1.00000 -5.5390E-10  7.5207E-01  0.0000E+00  1.4848E-01  8.2240E-01  0.0000E+00

"tbf
              1
  3.90000000  1.00000  1.0931E-09  7.5208E-01  0.0000E+00  1.5378E-01  8.2345E-01  0.0000E+00
