
"tbf
              1
  3.90000000  1.00000 -1.2337E-10  6.1207E-01  0.0000E+00  7.6435E-02  6.4439E-01  0.0000E+00

"tbf
              1
  3.90000000  1.00000 -9.6117E-11  6.1306E-01  0.0000E+00  8.1050E-02  6.4531E-01  0.0000E+00

"tbf
              1
  3.90000000  1.00000  2.1708E-10  6.1405E-01  0.0000E+00  8.5455E-02  6.4619E-01  0.0000E+00

"tbf
              1
  3.90000000  1.00000 -5.4345E-10  6.1506E-01  0.0000E+00  8.9898E-02  6.4708E-01  0.0000E+00

"tbf
              1
  3.90000000  1.00000  3.3402E-12  6.1607E-01  0.0000E+00  9.4401E-02  6.4798E-01  0.0000E+00

"tbf
              1
  3.90000000  1.00000 -1.2798E-09  6.1709E-01  0.0000E+00  9.8972E-02  6.4889E-01  0.0000E+00

"tbf
              1
  3.90000000  1.00000  8.6216E-10  6.1812E-01  0.0000E+00  1.0361E-01  6.4982E-01  0.0000E+00

"tbf
              1
  3.90000000  1.00000  3.9577E-10  6.1915E-01  0.0000E+00  1.0833E-01  6.5077E-01  0.0000E+00

"tbf
              1
  3.90000000  1.00000 -4.5751E-10  6.2019E-01  0.0000E+00  1.1311E-01  6.5172E-01  0.0000E+00

"tbf
              1
  3.90000000  1.00000  1.6922E-09  6.2123E-01  0.0000E+00  1.1797E-01  6.5269E-01  0.0000E+00

"tbf
              1
  3.90000000  1.00000  7.1194E-11  6.2228E-01  0.0000E+00  1.2289E-01  6.5368E-01  0.0000E+00

"tbf
              1
  3.90000000  1.00000  4.9048E-10  6.2332E-01  0.0000E+00  1.2788E-01  6.5468E-01  0.0000E+00

"tbf
              1
  3.90000000  1.00000  1.3130E-09  6.2436E-01  0.0000E+00  1.3294E-01  6.5569E-01  0.0000E+00

"tbf
              1
  3.90000000  1.00000  1.3320E-09  6.2540E-01  0.0000E+00  1.3806E-01  6.5671E-01  0.0000E+00

"tbf
              1
  3.90000000  1.00000  3.5637E-10  6.2643E-01  0.0000E+00  1.4324E-01  6.5775E-01  0.0000E+00

"tbf
              1
  3.90000000  1.00000  3.7351E-10  6.2746E-01  0.0000E+00  1.4848E-01  6.5880E-01  0.0000E+00

"tbf
              1
  3.90000000  1.00000 -3.6611E-11  6.2848E-01  0.0000E+00  1.5377E-01  6.5985E-01  0.0000E+00
